    587    233    220
    8       29.9896687000
   108  0    76  0    30  1   24   246.24  0.07659  0.18590  0.34664
   110  0    43  1    25  1    9   118.25  0.01877  0.02889  0.24523
    92  1    81  1    55  1    8   409.86  0.35586  0.32987  0.10004
    81  0    33  1    28  1   11    74.84  0.20411  0.04389  0.08577
   120  1    99  1    73  1   11   867.24  0.11040  0.08104  0.21412
   111  0    70  1    48  1   10   372.96  0.15570  0.02824  0.16575
    98  0    72  1    46  1   12   324.58  0.11365  0.26897  0.13148
    95  0    66  0    31  1    9   194.37  0.17733  0.00902  0.33191
    587    233    220
    8       30.0241410000
    49  0    25  1    21  1   16    25.73  0.03313  0.25962  0.07802
    60  1    51  1    41  1    8   125.46  0.17653  0.26856  0.08120
   103  1    76  1    64  1   16   500.99  0.24893  0.29470  0.03744
    95  1    70  1    62  1   18   412.30  0.15597  0.10054  0.11307
   111  0    49  1    26  1   18   141.41  0.25651  0.04241  0.14903
    85  1    84  1    72  1   16   514.08  0.26878  0.13019  0.15291
    48  1    36  1    31  1   17    53.57  0.00727  0.18927  0.18160
    86  0    76  0    38  1    6   248.37  0.09389  0.26908  0.18754
    587    233    220
    8       30.0822556000
    97  0    81  0    27  1   10   212.14  0.06158  0.19292  0.12864
   102  0    78  0    39  1   20   310.28  0.04042  0.04444  0.25889
   113  0    46  1    36  1   18   187.13  0.29544  0.28353  0.11169
    66  1    50  1    42  1   21   138.60  0.25965  0.26222  0.28464
   101  0    30  1    26  1   16    78.78  0.21074  0.05725  0.26724
   100  0    56  1    35  1   17   196.00  0.06590  0.06878  0.11030
    91  0    50  1    40  1   22   182.00  0.18283  0.06858  0.18634
   106  1    61  1    56  1   19   362.10  0.09493  0.13073  0.06714
    587    233    220
    8       29.9708336000
   113  0    92  0    33  1   23   343.07  0.18371  0.02748  0.12085
    52  1    37  1    28  1   22    53.87  0.04102  0.16089  0.09939
    57  1    33  1    29  1   26    54.55  0.04940  0.10824  0.02119
    99  0    37  1    30  1   17   109.89  0.01981  0.08751  0.10582
    92  0    64  1    33  1   23   194.30  0.18264  0.07371  0.09654
   119  0    59  1    39  1   26   273.82  0.18183  0.11880  0.17222
    54  1    52  1    49  1   18   137.59  0.09091  0.03868  0.10414
    75  0    45  1    35  1   30   118.13  0.18036  0.15656  0.07891
    587    233    220
    8       30.0389379000
    88  0    54  1    39  1   16   185.33  0.23718  0.15863  0.28531
    94  0    54  1    36  1   14   182.74  0.08570  0.07321  0.06039
    87  0    77  1    43  1   20   288.06  0.12451  0.21972  0.13306
   100  1    80  1    72  1   16   576.00  0.15242  0.09910  0.24999
    83  0    40  1    36  1    6   119.52  0.04038  0.08792  0.18151
    91  0    54  0    22  1   15   108.11  0.27539  0.14878  0.07379
   109  0    58  1    54  1   17   341.39  0.27346  0.12503  0.11282
    94  0    55  1    30  1    9   155.10  0.16262  0.11458  0.08369
    587    233    220
    8       29.9588799000
    86  1    84  1    45  1   23   325.08  0.14195  0.07771  0.01461
    81  0    45  1    34  1   24   123.93  0.20296  0.11838  0.10728
    70  1    54  1    37  1   24   139.86  0.21834  0.10950  0.07667
    71  1    61  1    52  1   12   225.21  0.10544  0.17591  0.15096
    78  1    73  1    40  1   18   227.76  0.08929  0.17605  0.08622
    69  1    63  1    46  1   14   199.96  0.20169  0.02425  0.00604
    72  1    67  1    56  1   13   270.14  0.15806  0.12219  0.24888
    75  0    75  0    36  1   15   202.50  0.02201  0.13654  0.12373
    587    233    220
    8       29.9792319000
   118  0    79  1    51  1   18   475.42  0.24682  0.07809  0.00186
    86  0    32  1    31  1   14    85.31  0.16108  0.27067  0.04332
    64  1    58  1    52  1   18   193.02  0.26658  0.17456  0.26773
    42  1    42  1    32  1   19    56.45  0.18076  0.23232  0.06856
    64  1    55  1    43  1   14   151.36  0.24219  0.14216  0.08738
    84  0    70  0    35  1   18   205.80  0.01518  0.26095  0.17818
    76  0    57  1    36  1   23   155.95  0.15948  0.02591  0.19405
    95  1    60  1    55  1   20   313.50  0.16205  0.06718  0.20650
    587    233    220
    8       29.6604722000
    75  1    58  1    57  1   11   247.95  0.17566  0.14751  0.07769
    57  1    37  1    30  1   14    63.27  0.09217  0.00078  0.07838
    79  0    74  0    35  1   11   204.61  0.10968  0.15321  0.06822
   104  1    99  1    74  1   10   761.90  0.25683  0.04724  0.24801
    55  1    46  1    31  1   20    78.43  0.22812  0.07349  0.25937
    99  0    98  0    33  1   10   320.17  0.29983  0.06303  0.02541
    90  1    85  1    59  1   12   451.35  0.01948  0.16832  0.05049
   115  0    74  1    44  1   16   374.44  0.29448  0.06871  0.11854
    587    233    220
    8       30.0584197000
    90  1    70  1    63  1    6   396.90  0.14460  0.03237  0.03035
    84  0    78  0    28  1   17   183.46  0.16330  0.20683  0.21950
    94  0    85  0    39  1   19   311.61  0.03005  0.27066  0.11112
    80  1    76  1    54  1   16   328.32  0.18992  0.25571  0.28079
    69  1    50  1    45  1   16   155.25  0.19986  0.12584  0.21937
    70  1    57  1    37  1   17   147.63  0.00495  0.21530  0.26994
    94  1    61  1    54  1   18   309.64  0.06856  0.00024  0.15202
    92  0    44  1    29  1   24   117.39  0.07760  0.00831  0.05208
    587    233    220
    8       29.7781556000
    68  0    66  0    31  1   18   139.13  0.08989  0.00359  0.27785
   120  0    34  1    26  1   27   106.08  0.09113  0.00105  0.27930
    95  1    76  1    60  1   17   433.20  0.28265  0.05349  0.17073
    61  1    47  1    34  1   19    97.48  0.07699  0.12510  0.08175
    53  1    45  1    36  1   25    85.86  0.00547  0.20778  0.02726
    80  1    52  1    42  1   22   174.72  0.12809  0.19023  0.00132
   109  0    63  0    28  1   22   192.28  0.21370  0.03142  0.05030
    74  0    64  1    35  1   30   165.76  0.10020  0.25003  0.00089
    587    233    220
    8       29.9151599000
    74  1    63  1    61  1   17   284.38  0.16120  0.21357  0.22876
    71  0    60  0    25  1   13   106.50  0.19615  0.23807  0.15594
   106  1    80  1    59  1   10   500.32  0.23948  0.04687  0.04924
   109  0    76  1    42  1   15   347.93  0.15247  0.16639  0.31743
   118  0    56  0    22  1   19   145.38  0.28364  0.08286  0.02580
   105  0    67  1    43  1   16   302.51  0.12756  0.30860  0.07287
    72  1    65  1    37  1   20   173.16  0.12989  0.03596  0.12912
    84  1    59  1    54  1    9   267.62  0.11575  0.28346  0.23407
    587    233    220
    8       29.9752444000
    95  1    80  1    57  1   13   433.20  0.08317  0.12522  0.19661
   112  0    87  0    23  1   15   224.11  0.25515  0.20130  0.03002
   116  0    41  1    40  1   14   190.24  0.04783  0.11818  0.11849
    98  1    80  1    56  1   10   439.04  0.14545  0.28079  0.10204
   108  1    60  1    59  1   10   382.32  0.08208  0.32133  0.18066
    82  1    77  1    67  1    8   423.04  0.10951  0.22320  0.05232
    67  1    46  1    36  1   19   110.95  0.30197  0.15172  0.04915
   104  0    72  1    44  1   14   329.47  0.19436  0.11540  0.03989
    587    233    220
    8       29.9523353000
    52  0    36  1    25  1   35    46.80  0.11178  0.21363  0.05886
    63  0    37  1    21  1   20    48.95  0.23422  0.20733  0.05893
   100  0    61  1    36  1   27   219.60  0.02588  0.05801  0.03458
    79  0    52  1    36  1   21   147.89  0.22605  0.13535  0.02255
    99  0    63  1    36  1   17   224.53  0.22146  0.12348  0.07287
    97  0    49  1    30  1   24   142.59  0.02427  0.17786  0.11634
    90  1    69  1    55  1   25   341.55  0.01655  0.01922  0.09782
    91  0    33  1    28  1   30    84.08  0.08196  0.17105  0.13288
    587    233    220
    8       30.0513863000
    68  0    48  1    31  1   12   101.18  0.27299  0.23045  0.01941
   104  1    80  1    63  1   14   524.16  0.26821  0.21810  0.03278
    82  0    46  0    21  1   13    79.21  0.29800  0.27464  0.19290
   114  1    78  1    60  1   14   533.52  0.30381  0.13567  0.16504
    90  1    74  1    66  1   12   439.56  0.21275  0.07476  0.03124
   112  0    54  1    36  1    8   217.73  0.01807  0.04829  0.12220
    71  1    64  1    54  1   17   245.38  0.05854  0.32757  0.28007
    74  0    53  1    33  1   14   129.43  0.19232  0.02550  0.31797
    587    233    220
    8       29.9988418000
   100  0    44  1    37  1   11   162.80  0.11573  0.00134  0.23130
    90  1    78  1    55  1   11   386.10  0.06258  0.11959  0.13415
    65  1    57  1    42  1   12   155.61  0.02287  0.20426  0.17059
    85  0    58  1    41  1   13   202.13  0.03977  0.29404  0.30659
    81  1    69  1    50  1   15   279.45  0.03178  0.14297  0.17956
    84  1    78  1    51  1   20   334.15  0.31654  0.07679  0.20636
   109  1    73  1    73  1   11   580.86  0.18637  0.00740  0.11800
    73  1    58  1    52  1   10   220.17  0.30360  0.05409  0.01644
    587    233    220
    8       29.8644661000
    43  1    40  1    39  1   21    67.08  0.02806  0.21631  0.15377
    97  0    76  1    40  1   12   294.88  0.17441  0.19607  0.00049
    67  1    63  1    47  1   15   198.39  0.15179  0.15437  0.21016
    98  0    57  1    38  1   13   212.27  0.14663  0.23366  0.16107
    73  0    71  0    27  1   16   139.94  0.09213  0.15616  0.21958
    66  1    56  1    41  1   15   151.54  0.18173  0.23359  0.05664
    82  1    75  1    72  1   28   442.80  0.24236  0.12851  0.18570
    93  0    71  1    43  1    8   283.93  0.22230  0.13131  0.11078
    587    233    220
    8       29.8856347000
    72  0    49  1    35  1   12   123.48  0.06454  0.08379  0.21559
    75  1    66  1    47  1    8   232.65  0.23278  0.04715  0.28692
    78  0    30  1    22  1   11    51.48  0.19942  0.12744  0.19770
   119  1    79  1    79  1   15   742.68  0.11272  0.29706  0.01935
    76  1    65  1    62  1   15   306.28  0.28260  0.11313  0.30195
   119  1    81  1    65  1   10   626.53  0.12486  0.12179  0.26848
    91  0    77  0    36  1    5   252.25  0.14845  0.27644  0.16444
   113  0    89  0    27  1   10   271.54  0.18873  0.34105  0.00648
    587    233    220
    8       29.8205822000
   104  0    55  1    30  1   11   171.60  0.19371  0.07636  0.21589
    92  1    89  1    73  1   11   597.72  0.24236  0.18864  0.12217
    88  0    88  0    43  1   11   332.99  0.08240  0.18040  0.13680
    90  1    60  1    60  1    9   324.00  0.00378  0.18471  0.07843
    79  1    53  1    41  1    7   171.67  0.22255  0.23207  0.03198
    96  0    91  0    28  1   10   244.61  0.25106  0.13180  0.02853
   100  1    90  1    79  1   14   711.00  0.13533  0.18651  0.24236
    73  0    42  1    32  1   12    98.11  0.17857  0.03303  0.21836
    587    233    220
    8       29.9945533000
    60  0    45  1    26  1   25    70.20  0.00383  0.26339  0.00417
    71  1    43  1    39  1   10   119.07  0.28843  0.09106  0.03063
    99  1    71  1    64  1   19   449.86  0.17836  0.10832  0.27111
    61  1    41  1    40  1   17   100.04  0.00440  0.22710  0.15594
    83  1    79  1    43  1   30   281.95  0.20111  0.27278  0.09530
    63  1    52  1    35  1   26   114.66  0.24685  0.06010  0.04664
    54  0    33  1    20  1   24    35.64  0.17354  0.13065  0.10156
    62  1    57  1    51  1   25   180.23  0.02516  0.23720  0.00636
    587    233    220
    8       29.9765884000
    97  1    77  1    66  1   16   492.95  0.10278  0.04495  0.27532
    81  1    69  1    69  1   21   385.64  0.18019  0.07383  0.05323
   109  0    53  0    24  1   15   138.65  0.18318  0.00518  0.06232
    98  0    33  1    20  1   18    64.68  0.06079  0.02902  0.25161
    86  0    56  1    34  1   15   163.74  0.27581  0.25913  0.03684
    76  0    50  1    35  1   16   133.00  0.16806  0.20708  0.24411
   109  0    42  1    22  1   14   100.72  0.00455  0.23436  0.25274
    82  1    69  1    42  1   20   237.64  0.00772  0.18585  0.03768
    587    233    220
    8       30.0165265000
   109  1    93  1    72  1   11   729.86  0.12721  0.16860  0.17965
    95  0    67  0    32  1   11   203.68  0.26314  0.23525  0.15559
   119  0    45  1    36  1   13   192.78  0.26491  0.23155  0.11673
    95  1    78  1    62  1   13   459.42  0.17929  0.07825  0.29704
   116  0    89  0    32  1   15   330.37  0.32671  0.27943  0.01486
    98  0    65  1    38  1   11   242.06  0.29906  0.04724  0.27261
    72  0    51  0    24  1    7    88.13  0.15271  0.31535  0.05980
   102  0    88  0    26  1   13   233.38  0.25665  0.10731  0.17402
    587    233    220
    8       30.0508737000
    89  1    78  1    50  1   12   347.10  0.17564  0.00781  0.31012
    73  1    65  1    46  1   12   218.27  0.23016  0.12704  0.04558
    94  0    66  1    39  1   11   241.96  0.27433  0.03329  0.16175
    66  1    59  1    42  1   21   163.55  0.01913  0.01858  0.31254
   106  1    93  1    70  1   16   690.06  0.05795  0.22102  0.12306
    80  1    71  1    62  1   13   352.16  0.27994  0.10478  0.21482
    60  0    36  1    26  1   19    56.16  0.28830  0.11999  0.21923
    72  0    31  1    31  1    7    69.19  0.20379  0.22484  0.15141
    587    233    220
    8       29.7762691000
    84  0    81  0    23  1   13   156.49  0.17343  0.29421  0.32711
   115  1    72  1    64  1   20   529.92  0.16947  0.04116  0.05087
    77  0    49  1    25  1   16    94.32  0.04470  0.15825  0.04184
    40  1    37  1    22  1    8    32.56  0.07001  0.27229  0.30206
    97  0    96  0    46  1   17   428.35  0.03854  0.19689  0.31168
    95  0    43  1    25  1   13   102.13  0.25937  0.18085  0.09207
    90  0    69  0    28  1   22   173.88  0.16980  0.01511  0.03807
    56  1    51  1    49  1   21   139.94  0.22685  0.14872  0.30114
    587    233    220
    8       29.9491167000
   113  0    80  0    29  1   15   262.16  0.04191  0.29909  0.24166
    98  1    65  1    62  1   11   394.94  0.18861  0.23209  0.15711
    60  1    59  1    46  1    9   162.84  0.25741  0.26178  0.01197
   100  1    97  1    64  1   16   620.80  0.14511  0.20572  0.29650
    99  0    88  0    23  1   12   200.38  0.27422  0.17794  0.24952
   106  0    49  1    33  1   15   171.40  0.05383  0.15881  0.07471
    78  0    54  1    30  1   20   126.36  0.18842  0.00486  0.07663
    71  1    68  1    41  1   14   197.95  0.08262  0.22875  0.02366
    587    233    220
    8       29.9004435000
    75  0    54  1    35  1   21   141.75  0.00241  0.18243  0.03129
   107  0    60  1    49  1   20   314.58  0.10670  0.11757  0.04527
    70  1    67  1    42  1   13   196.98  0.08726  0.04079  0.18917
    78  1    71  1    44  1   12   243.67  0.00774  0.04365  0.22556
    78  0    61  0    27  1   20   128.47  0.11223  0.13104  0.15333
    78  1    73  1    48  1   20   273.31  0.03094  0.06743  0.11525
   109  0    87  0    32  1   13   303.46  0.18198  0.22358  0.07975
    91  0    87  0    25  1   16   197.93  0.20211  0.10804  0.17636
    587    233    220
    8       29.9896389000
    86  0    71  1    41  1   24   250.35  0.19436  0.04349  0.11010
    75  1    58  1    58  1   23   252.30  0.22433  0.07126  0.13557
   100  0    81  0    27  1   20   218.70  0.18614  0.22150  0.04951
    59  0    42  1    24  1   24    59.47  0.13660  0.14616  0.01745
    69  0    37  1    30  1   15    76.59  0.14226  0.03738  0.09286
    63  1    50  1    36  1   13   113.40  0.02325  0.17451  0.12046
    96  0    72  0    34  1   24   235.01  0.03807  0.09245  0.11405
   111  0    71  0    29  1   18   228.55  0.09461  0.01493  0.11449
    587    233    220
    8       30.0850003000
   118  0    66  1    47  1   14   366.04  0.17272  0.04123  0.08139
    99  0    56  0    25  1   19   138.60  0.06695  0.08224  0.13641
    91  1    83  1    48  1   14   362.54  0.25727  0.32352  0.10513
   104  0    66  1    40  1   15   274.56  0.08905  0.00142  0.17167
    75  0    60  1    33  1   14   148.50  0.06012  0.21287  0.23460
   113  1    78  1    60  1   17   528.84  0.29599  0.14567  0.27417
    36  1    36  1    29  1   12    37.58  0.26804  0.27185  0.20261
    56  1    48  1    40  1   15   107.52  0.29501  0.08032  0.01564
    587    233    220
    8       29.9751549000
    62  1    59  1    52  1   21   190.22  0.05048  0.22265  0.25662
    54  1    52  1    50  1    9   140.40  0.19078  0.24439  0.04948
   102  1    69  1    65  1   16   457.47  0.17518  0.20350  0.07164
    97  0    76  1    46  1   18   339.11  0.02592  0.19430  0.19752
    52  1    50  1    37  1   18    96.20  0.00740  0.11201  0.29239
    93  0    85  0    23  1   20   181.82  0.10043  0.06035  0.19938
    90  0    38  1    38  1   20   129.96  0.27201  0.11177  0.22699
    66  1    60  1    40  1   21   158.40  0.05759  0.12100  0.03514
    587    233    220
    8       29.9788296000
    91  1    58  1    57  1   20   300.85  0.15779  0.21049  0.14789
    92  1    78  1    53  1   21   380.33  0.13994  0.20474  0.19333
   112  0    48  1    28  1   24   150.53  0.01927  0.13954  0.13295
    78  0    47  1    26  1   27    95.32  0.04973  0.06849  0.11403
    41  1    40  1    28  1   28    45.92  0.25581  0.18878  0.22556
    57  1    47  1    32  1   24    85.73  0.09728  0.19900  0.27381
    54  1    47  1    40  1   30   101.52  0.25184  0.18671  0.17962
    85  0    80  0    25  1   20   170.00  0.19585  0.01953  0.08671
    587    233    220
    8       30.0689131000
    64  0    53  1    32  1   23   108.54  0.29890  0.17567  0.32512
    51  1    42  1    28  1   20    59.98  0.12406  0.15506  0.20507
    49  1    32  1    30  1   24    47.04  0.05385  0.28855  0.25082
   109  1    68  1    59  1   15   437.31  0.22975  0.12483  0.31278
    66  0    43  1    32  1   21    90.82  0.07345  0.01596  0.08858
   120  0    71  1    47  1   21   400.44  0.28426  0.09269  0.08563
   109  0    57  1    41  1   19   254.73  0.04561  0.06041  0.28791
   100  0    70  0    28  1   18   196.00  0.01042  0.24624  0.04419
    587    233    220
    8       29.9114882000
    70  1    63  1    49  1   19   216.09  0.18392  0.04003  0.11594
    84  1    54  1    49  1   19   222.26  0.10102  0.10233  0.21797
    89  0    70  1    42  1   14   261.66  0.09126  0.13143  0.10637
    80  0    48  1    39  1   16   149.76  0.12366  0.07133  0.02967
   114  0    47  1    42  1   13   225.04  0.19238  0.12340  0.04986
    92  0    62  1    34  1   22   193.94  0.04538  0.17058  0.12403
    72  1    66  1    43  1   17   204.34  0.08456  0.17830  0.21883
   120  0    55  1    46  1   16   303.60  0.11323  0.22749  0.01888
    587    233    220
    8       29.8406720000
    95  0    76  1    44  1   16   317.68  0.14727  0.09443  0.15369
    81  0    47  1    34  1   21   129.44  0.23687  0.16994  0.12070
    71  0    52  1    30  1   22   110.76  0.05378  0.07135  0.19090
    96  0    52  1    28  1   13   139.78  0.17011  0.11890  0.04983
   104  0    80  1    50  1   21   416.00  0.10671  0.13574  0.14448
    77  1    64  1    57  1   20   280.90  0.00859  0.14734  0.10261
    75  0    45  1    36  1   17   121.50  0.00820  0.05288  0.22540
    65  1    49  1    39  1   11   124.21  0.17020  0.05921  0.13694
    587    233    220
    8       30.0030231000
    40  1    36  1    21  1   14    30.24  0.16649  0.00723  0.11388
    76  0    45  1    31  1   15   106.02  0.18848  0.15787  0.12992
    63  1    54  1    51  1   20   173.50  0.28518  0.27181  0.23952
   114  1    77  1    69  1   17   605.68  0.27712  0.12391  0.14526
    95  1    57  1    53  1   20   286.99  0.25966  0.18871  0.31650
    92  0    36  1    20  1   14    66.24  0.24718  0.11301  0.28427
    90  1    84  1    47  1   15   355.32  0.03460  0.07514  0.27727
    84  0    69  0    24  1   16   139.10  0.25251  0.13578  0.27209
    587    233    220
    8       29.8522382000
    68  0    35  1    27  1   20    64.26  0.21253  0.17624  0.18183
   118  0    57  1    43  1   17   289.22  0.14009  0.21773  0.08761
    73  0    72  0    36  1   23   189.22  0.22266  0.03177  0.23310
    85  1    58  1    50  1   24   246.50  0.22794  0.25988  0.03602
    86  0    56  1    33  1   13   158.93  0.17724  0.22078  0.27575
    99  0    44  1    31  1   24   135.04  0.03063  0.26745  0.07088
    93  1    54  1    49  1   14   246.08  0.17947  0.12267  0.21243
    89  0    69  0    26  1   29   159.67  0.02031  0.10774  0.11737
    587    233    220
    8       29.9794912000
   100  0    33  1    31  1   13   102.30  0.16248  0.05508  0.10063
    84  0    68  1    42  1   18   239.90  0.18236  0.06882  0.05828
    95  0    84  0    31  1   18   247.38  0.06507  0.12269  0.02457
    57  1    39  1    30  1   25    66.69  0.00047  0.20791  0.20449
    76  1    71  1    60  1   20   323.76  0.22272  0.22051  0.14259
    71  1    68  1    46  1   24   222.09  0.08147  0.15300  0.09299
   109  0    51  1    26  1   15   144.53  0.01971  0.00112  0.10278
   109  0    54  1    45  1   16   264.87  0.01640  0.01069  0.06959
    587    233    220
    8       29.9397736000
    41  1    39  1    26  1   17    41.57  0.21906  0.29649  0.04544
   110  0    40  1    34  1   11   149.60  0.10572  0.00146  0.19832
    94  1    77  1    52  1   10   376.38  0.17487  0.13497  0.02011
   119  1    96  1    71  1   21   811.10  0.32784  0.01264  0.32244
    67  1    63  1    47  1   16   198.39  0.29451  0.08148  0.29635
    61  1    43  1    31  1   11    81.31  0.19292  0.09961  0.23289
    72  0    53  1    35  1   10   133.56  0.10840  0.04732  0.34880
    64  1    38  1    38  1   15    92.42  0.33667  0.24473  0.17159
    587    233    220
    8       29.8941701000
    98  0    73  1    44  1   13   314.78  0.12340  0.04393  0.26617
    60  1    60  1    38  1   12   136.80  0.19674  0.11787  0.26086
   105  1    73  1    60  1    9   459.90  0.08100  0.07579  0.12980
    90  1    77  1    52  1   21   360.36  0.07888  0.23998  0.07251
    66  0    58  0    24  1   12    91.87  0.10740  0.13775  0.16412
   106  1    76  1    55  1   20   443.08  0.06487  0.18421  0.31000
    55  1    44  1    36  1   11    87.12  0.08202  0.04466  0.07961
    82  0    58  0    23  1   14   109.39  0.14936  0.03938  0.05956
    587    233    220
    8       29.8724830000
   104  0    94  1    50  1   14   488.80  0.12194  0.20842  0.13479
   102  0    87  0    36  1   14   319.46  0.08112  0.20855  0.05034
   115  0    42  1    33  1   10   159.39  0.13376  0.26806  0.01436
    61  1    58  1    32  1   14   113.22  0.26667  0.04202  0.10657
    70  1    62  1    48  1    9   208.32  0.06579  0.05240  0.04254
    91  1    79  1    78  1   13   560.74  0.03705  0.11852  0.25325
    90  1    57  1    53  1   17   271.89  0.12991  0.17092  0.17796
    78  0    68  0    25  1   12   132.60  0.12613  0.01023  0.13870
    587    233    220
    8       29.8950016000
    89  1    56  1    45  1   36   224.28  0.08730  0.07257  0.23591
    53  1    37  1    34  1   28    66.67  0.03699  0.10137  0.04918
    54  0    35  1    25  1   31    47.25  0.01097  0.20870  0.10989
    73  0    39  1    33  1   33    93.95  0.02190  0.16696  0.14350
    73  1    39  1    38  1   20   108.19  0.24727  0.26462  0.06781
    50  1    42  1    29  1   31    60.90  0.15317  0.11568  0.18509
    62  1    59  1    54  1   25   197.53  0.07384  0.04095  0.18866
    98  0    53  1    44  1   28   228.54  0.17276  0.24452  0.01145
    587    233    220
    8       29.8325449000
    85  1    77  1    62  1   10   405.79  0.28414  0.12573  0.09558
    94  0    63  1    32  1    7   189.50  0.03802  0.14922  0.20626
    83  1    75  1    45  1   11   280.13  0.17538  0.20566  0.03451
    95  1    95  1    54  1   15   487.35  0.06961  0.22894  0.28177
    76  0    76  0    30  1   10   173.28  0.12204  0.15574  0.20757
   113  0    66  1    44  1   11   328.15  0.13295  0.22100  0.26910
   108  1    71  1    61  1   14   467.75  0.04886  0.17658  0.18044
   118  0    62  1    37  1    8   270.69  0.29240  0.23444  0.13690
    587    233    220
    8       29.7527611000
   109  1    80  1    68  1   12   592.96  0.25369  0.27648  0.13701
    90  0    45  1    31  1   24   125.55  0.29556  0.09383  0.21573
    66  1    56  1    34  1   11   125.66  0.24833  0.25965  0.15681
    76  0    66  1    34  1   18   170.54  0.19829  0.22777  0.29854
   111  0    80  1    53  1   15   470.64  0.32051  0.17462  0.04368
    86  0    59  0    29  1   17   147.15  0.29374  0.13966  0.11502
    80  1    72  1    63  1   12   362.88  0.22078  0.23219  0.02305
    81  0    47  0    22  1   15    83.75  0.21724  0.15748  0.05928
    587    233    220
    8       29.7671556000
    76  1    74  1    50  1   20   281.20  0.28436  0.23369  0.11600
    86  0    40  1    29  1   15    99.76  0.10090  0.25078  0.09064
    66  1    55  1    48  1   14   174.24  0.11034  0.08937  0.16276
    75  0    57  1    37  1   13   158.18  0.18687  0.02982  0.20982
   102  0    83  0    29  1   23   245.51  0.24619  0.18869  0.26186
    74  1    58  1    52  1   17   223.18  0.20833  0.08543  0.18899
    89  0    65  1    36  1   18   208.26  0.25328  0.24299  0.19263
    99  1    68  1    67  1   11   451.04  0.15293  0.28772  0.25713
    587    233    220
    8       29.6820074000
    82  1    80  1    71  1   11   465.76  0.19683  0.27396  0.14199
    66  0    37  1    27  1    5    65.93  0.03373  0.29241  0.27417
    77  0    76  0    31  1   12   181.41  0.09483  0.24986  0.18048
   100  0    56  1    38  1   14   212.80  0.19966  0.27752  0.27276
    93  1    86  1    67  1   11   535.87  0.22591  0.18978  0.28247
    89  0    76  0    30  1   12   202.92  0.19018  0.01211  0.10138
    98  1    90  1    67  1   14   590.94  0.21082  0.18941  0.21564
    87  0    52  1    42  1   13   190.01  0.05977  0.02420  0.09007
    587    233    220
    8       29.9739718000
   114  0    67  0    25  1   23   190.95  0.19150  0.01659  0.19048
    92  0    79  0    25  1   19   181.70  0.07879  0.03515  0.12459
    89  0    87  0    36  1   22   278.75  0.17533  0.11560  0.20917
    95  0    71  1    36  1   17   242.82  0.06952  0.14351  0.21752
    90  0    83  1    43  1   18   321.21  0.08112  0.08354  0.01122
    93  0    39  1    28  1   19   101.56  0.14671  0.18068  0.13571
    69  0    54  1    31  1   13   115.51  0.23072  0.02238  0.18451
   107  0    61  1    37  1   11   241.50  0.18962  0.17869  0.00633
    587    233    220
    8       29.8059433000
    63  0    55  1    31  1   14   107.42  0.17656  0.06927  0.22407
   120  0    43  1    23  1   20   118.68  0.10213  0.17301  0.03116
    97  1    72  1    57  1   27   398.09  0.24037  0.16174  0.06692
    77  1    76  1    42  1   14   245.78  0.06184  0.21936  0.07288
    93  0    74  0    20  1   19   137.64  0.14673  0.23826  0.02981
    65  1    63  1    43  1   13   176.09  0.24065  0.25833  0.09114
   108  0    71  1    40  1   18   306.72  0.01885  0.28208  0.27063
    79  0    36  1    21  1   22    59.72  0.07272  0.23810  0.23590
    587    233    220
    8       30.0085633000
    86  0    58  1    36  1   12   179.57  0.30481  0.24967  0.12672
    71  0    69  0    22  1   13   107.78  0.07360  0.21995  0.04687
   108  0    78  1    54  1   14   454.90  0.22061  0.24801  0.04516
   104  1    58  1    57  1   19   343.82  0.27335  0.25490  0.05048
    96  1    65  1    58  1   11   361.92  0.13033  0.26691  0.10089
    58  0    37  1    26  1   12    55.80  0.26860  0.09285  0.16496
    73  1    72  1    49  1   16   257.54  0.28751  0.00493  0.12053
    98  1    67  1    56  1   13   367.70  0.19065  0.00500  0.16451
    587    233    220
    8       29.9457788000
   118  0    54  1    42  1   13   267.62  0.06973  0.08698  0.08501
   112  0    95  0    20  1   21   212.80  0.05134  0.03843  0.16663
   118  0    38  1    37  1   20   165.91  0.00361  0.00431  0.12481
    76  0    38  1    38  1   19   109.74  0.01893  0.06843  0.09638
   100  0    56  1    34  1   19   190.40  0.13752  0.02909  0.22776
   100  0    73  1    50  1   20   365.00  0.03197  0.11500  0.03273
    75  0    58  1    36  1   19   156.60  0.10982  0.02250  0.15934
    76  1    51  1    41  1   17   158.92  0.02091  0.08171  0.05547
    587    233    220
    8       29.7518044000
    59  1    49  1    48  1    7   138.77  0.11423  0.21539  0.21952
    79  1    63  1    46  1   13   228.94  0.17115  0.14964  0.24404
    95  0    58  1    38  1   13   209.38  0.05815  0.13056  0.06414
    95  0    79  1    47  1   12   352.73  0.14075  0.06956  0.21241
    72  0    46  1    27  1   12    89.42  0.10245  0.09109  0.12310
    88  1    74  1    72  1   14   468.86  0.24248  0.06482  0.21512
    90  1    77  1    67  1   18   464.31  0.15851  0.03257  0.17863
    96  0    59  1    36  1   14   203.90  0.14645  0.01811  0.06724
    587    233    220
    8       29.9246191000
    91  0    54  1    45  1   13   221.13  0.27682  0.25130  0.04437
   105  1    77  1    72  1   15   582.12  0.22118  0.06195  0.07745
    79  1    78  1    48  1   10   295.78  0.31268  0.02578  0.08779
   109  1    76  1    59  1   12   488.76  0.10713  0.32506  0.04988
    48  1    37  1    30  1   13    53.28  0.25717  0.25335  0.13801
    44  1    37  1    27  1    9    43.96  0.09372  0.26151  0.31788
    79  1    76  1    54  1   17   324.22  0.02114  0.21317  0.21914
   116  0    78  0    20  1   16   180.96  0.07349  0.09928  0.22964
    587    233    220
    8       30.0532579000
    60  1    40  1    32  1   16    76.80  0.26621  0.02107  0.18808
    98  1    75  1    55  1   23   404.25  0.21931  0.07233  0.02641
    60  1    59  1    39  1   18   138.06  0.28133  0.22924  0.04528
    81  0    56  1    40  1   14   181.44  0.18246  0.13533  0.04072
   119  0    34  1    25  1   10   101.15  0.26682  0.08781  0.26626
   107  0    61  1    42  1   19   274.13  0.05030  0.22365  0.17289
   108  0    85  0    20  1   20   183.60  0.20753  0.20647  0.01462
    97  0    66  1    45  1   16   288.09  0.16959  0.25715  0.08833
    587    233    220
    8       29.9645721000
    66  1    64  1    36  1   13   152.06  0.08760  0.14732  0.12691
    97  1    73  1    49  1   30   346.97  0.17369  0.18586  0.13207
    69  1    60  1    43  1   21   178.02  0.28385  0.23892  0.02460
    52  0    37  1    20  1   24    38.48  0.19869  0.08044  0.04091
   109  0    63  1    37  1   24   254.08  0.27638  0.24033  0.21346
    79  0    57  0    24  1   20   108.07  0.14478  0.02669  0.14308
    95  0    72  0    22  1   20   150.48  0.24967  0.26863  0.04031
    65  1    50  1    39  1   13   126.75  0.27855  0.04919  0.21319
    587    233    220
    8       29.9204945000
    96  0    72  0    31  1   13   214.27  0.00597  0.09702  0.01892
    75  1    72  1    47  1   21   253.80  0.30780  0.12012  0.33357
    80  0    25  1    20  1   14    40.00  0.31127  0.31721  0.27419
   114  1    94  1    61  1   19   653.68  0.28119  0.16857  0.05674
   100  0    40  1    39  1   20   156.00  0.16799  0.13153  0.30987
    72  1    51  1    48  1   13   176.26  0.31612  0.07486  0.02192
    36  1    28  1    24  1   27    24.19  0.06510  0.14667  0.26381
    85  0    58  1    35  1   16   172.55  0.16495  0.11642  0.08974
    587    233    220
    8       29.9497216000
    78  0    37  1    27  1   15    77.92  0.17945  0.19666  0.16535
    89  0    70  0    25  1   15   155.75  0.31410  0.28287  0.33535
    90  0    84  0    41  1   12   309.96  0.10499  0.15786  0.26215
    85  0    75  1    42  1    9   267.75  0.02937  0.08552  0.28416
    91  0    77  1    44  1   12   308.31  0.10572  0.10668  0.16797
   114  1    87  1    71  1   10   704.18  0.15476  0.14130  0.03710
    90  0    37  1    25  1   14    83.25  0.09625  0.05128  0.08415
   105  1    80  1    77  1   13   646.80  0.22240  0.12925  0.23149
    587    233    220
    8       29.9456834000
    99  0    68  0    23  1   29   154.84  0.18809  0.29126  0.25086
    68  1    52  1    40  1   25   141.44  0.03693  0.21217  0.26451
   101  1    66  1    61  1   21   406.63  0.27053  0.04548  0.26710
    57  0    56  0    22  1   25    70.22  0.28729  0.12887  0.13320
    81  1    54  1    47  1   29   205.58  0.05909  0.25355  0.00781
    86  0    34  1    25  1   15    73.10  0.08059  0.01219  0.02105
    54  0    46  1    27  1   18    67.07  0.15771  0.01904  0.03021
    95  0    65  1    34  1   16   209.95  0.27214  0.05836  0.11892
    587    233    220
    8       30.0546556000
   100  0    94  0    28  1   22   263.20  0.20800  0.04242  0.21552
    81  1    78  1    66  1   15   416.99  0.09717  0.12122  0.02348
   111  0    49  0    21  1   24   114.22  0.17998  0.05541  0.16689
   119  0    63  1    37  1   21   277.39  0.03647  0.06539  0.11142
    72  0    50  1    30  1   18   108.00  0.12899  0.18796  0.12025
    58  1    58  1    40  1   25   134.56  0.04512  0.13349  0.17193
   108  0    55  1    29  1   17   172.26  0.17010  0.16449  0.13740
    54  1    49  1    38  1   12   100.55  0.03272  0.22029  0.11121
    587    233    220
    8       29.7864884000
    90  0    41  1    34  1   40   125.46  0.10057  0.15047  0.18560
    64  0    32  1    28  1   20    57.34  0.00926  0.00521  0.04915
    42  1    31  1    31  1   21    40.36  0.12295  0.11504  0.16377
    94  0    90  0    44  1   22   372.24  0.14955  0.16294  0.07538
    68  1    63  1    53  1   23   227.05  0.10939  0.14753  0.16151
    55  0    30  1    21  1   27    34.65  0.20133  0.03433  0.19320
    72  0    64  0    31  1   29   142.85  0.17507  0.16764  0.04911
    75  0    56  1    34  1   30   142.80  0.08911  0.14017  0.17779
    587    233    220
    8       30.0676584000
    85  0    73  1    40  1   11   248.20  0.22461  0.25019  0.05858
    73  1    62  1    54  1   12   244.40  0.14274  0.22337  0.08239
    90  0    63  1    41  1   18   232.47  0.15049  0.14102  0.00869
    75  0    61  0    24  1   15   109.80  0.20045  0.03351  0.11376
    57  1    53  1    44  1   11   132.92  0.21814  0.11642  0.11295
    93  0    70  1    45  1   17   292.95  0.04366  0.28142  0.23245
    73  0    36  1    33  1   15    86.72  0.05150  0.26628  0.23118
    95  1    80  1    75  1   19   570.00  0.08383  0.18832  0.09422
    587    233    220
    8       29.9352318000
   105  0    81  1    46  1   16   391.23  0.04029  0.33338  0.24112
   115  1    81  1    61  1   12   568.22  0.14258  0.03952  0.10708
    72  0    51  0    23  1   12    84.46  0.14399  0.12599  0.21187
    65  1    56  1    33  1    8   120.12  0.14989  0.08521  0.01791
    60  0    44  0    21  1    8    55.44  0.24005  0.16563  0.00793
    85  1    69  1    65  1   10   381.23  0.08737  0.14274  0.29547
    90  0    82  0    35  1    9   258.30  0.05109  0.33813  0.12728
   115  1    94  1    64  1   12   691.84  0.21707  0.32995  0.00572
    587    233    220
    8       30.0554424000
    76  1    52  1    46  1   25   181.79  0.00468  0.17975  0.01331
    66  0    59  1    31  1   35   120.71  0.06815  0.20159  0.20054
    62  1    55  1    44  1   23   150.04  0.16048  0.12495  0.18239
    95  0    46  1    36  1   16   157.32  0.16617  0.22622  0.16876
    63  1    59  1    35  1   30   130.10  0.11067  0.15853  0.00611
   100  0    37  1    32  1   30   118.40  0.09127  0.03801  0.02577
    91  0    54  1    37  1   33   181.82  0.06828  0.05384  0.19492
    49  1    44  1    36  1   24    77.62  0.04421  0.04213  0.11081
    587    233    220
    8       29.9424737000
    78  1    72  1    58  1   15   325.73  0.08902  0.24229  0.03828
   107  1    57  1    57  1   19   347.64  0.13548  0.13422  0.13604
    72  1    64  1    37  1   17   170.50  0.21672  0.04455  0.10853
    93  0    66  0    26  1   11   159.59  0.15993  0.27496  0.09760
   116  0    67  1    35  1   15   272.02  0.30741  0.15352  0.28837
   101  0    56  1    39  1   11   220.58  0.13251  0.04544  0.28848
   108  0   100  0    39  1   14   421.20  0.10215  0.16234  0.29435
    64  1    55  1    33  1   12   116.16  0.19577  0.05001  0.14344
    587    233    220
    8       29.9062728000
   109  1    68  1    64  1    8   474.37  0.07807  0.17251  0.14341
    84  1    58  1    55  1   10   267.96  0.23362  0.24251  0.16808
    96  0    83  0    24  1   14   191.23  0.23624  0.10133  0.32628
    74  0    67  1    37  1    6   183.45  0.02125  0.14824  0.09540
   107  1    73  1    70  1   10   546.77  0.16844  0.16708  0.15501
    80  1    73  1    54  1   12   315.36  0.08130  0.12555  0.03706
    72  0    41  1    33  1   11    97.42  0.30960  0.28733  0.09040
    84  1    79  1    74  1   19   491.06  0.18971  0.25167  0.13041
    587    233    220
    8       30.0276309000
    70  1    63  1    50  1   14   220.50  0.11203  0.30702  0.23387
   100  0    53  1    34  1   11   180.20  0.02592  0.05350  0.24578
    93  0    78  1    45  1   12   326.43  0.20432  0.17598  0.01280
   100  0    55  1    48  1   16   264.00  0.09495  0.02359  0.15918
    98  1    73  1    50  1   11   357.70  0.28364  0.10239  0.23468
    69  1    45  1    43  1   15   133.51  0.23564  0.12239  0.07036
    43  1    42  1    36  1   19    65.02  0.29104  0.02312  0.06344
   104  1    92  1    63  1   16   602.78  0.14748  0.25143  0.03803
    587    233    220
    8       29.7035872000
    82  1    76  1    59  1   17   367.69  0.05998  0.03670  0.28668
    60  1    51  1    50  1    9   153.00  0.08202  0.22002  0.13817
   104  1    66  1    61  1   12   418.70  0.16772  0.12600  0.07780
    71  0    36  1    28  1   16    71.57  0.27808  0.27427  0.13094
    89  0    77  0    26  1   20   178.18  0.04241  0.31085  0.26415
   108  1    84  1    66  1   14   598.75  0.06240  0.28297  0.26654
    90  0    51  1    45  1   13   206.55  0.11789  0.10525  0.16100
    48  1    35  1    33  1   23    55.44  0.14461  0.10316  0.16885
    587    233    220
    8       30.0841182000
   114  0    54  0    20  1   21   123.12  0.13516  0.09261  0.12584
    92  1    87  1    50  1   14   400.20  0.21995  0.27120  0.23248
   114  0    43  1    26  1    9   127.45  0.02083  0.15769  0.10906
    93  0    69  1    42  1   23   269.51  0.12246  0.01704  0.18318
    80  1    79  1    64  1   13   404.48  0.14856  0.17319  0.10549
    99  0    80  0    29  1   24   229.68  0.15980  0.01622  0.16161
    60  1    54  1    47  1   17   152.28  0.05270  0.25444  0.25561
    54  1    53  1    32  1   13    91.58  0.06201  0.10871  0.24324
    587    233    220
    8       29.7935634000
    55  0    50  1    26  1   13    71.50  0.06495  0.07488  0.09979
    48  1    42  1    37  1   17    74.59  0.13163  0.14662  0.20617
    47  1    34  1    26  1   22    41.55  0.17740  0.17172  0.21437
   104  0    74  1    50  1   20   384.80  0.20703  0.13331  0.21080
    83  0    70  1    40  1   20   232.40  0.16887  0.20458  0.03654
    53  1    52  1    38  1   15   104.73  0.02788  0.13135  0.01074
   108  0    69  1    49  1   17   365.15  0.17485  0.16122  0.15503
    78  1    73  1    72  1   16   409.97  0.08275  0.12791  0.09650
    587    233    220
    8       29.9103677000
    87  0    45  1    32  1   15   125.28  0.20870  0.25322  0.00381
    84  1    63  1    46  1   14   243.43  0.11404  0.20638  0.07948
    84  1    67  1    44  1   11   247.63  0.00175  0.14044  0.11610
    76  0    55  1    30  1    9   125.40  0.01592  0.00577  0.22584
    87  1    78  1    61  1   15   413.95  0.20903  0.01199  0.04840
   115  0    77  1    53  1   11   469.32  0.15554  0.12642  0.14581
    78  1    72  1    51  1    9   286.42  0.12346  0.00285  0.11303
    93  1    91  1    62  1   13   524.71  0.18920  0.14387  0.17140
    587    233    220
    8       30.0471961000
   119  0    41  1    38  1   20   185.40  0.22318  0.22566  0.24406
    90  0    44  1    35  1   13   138.60  0.09095  0.12258  0.05762
    67  0    55  0    27  1   17    99.50  0.19149  0.05520  0.26494
    71  1    47  1    36  1   21   120.13  0.19759  0.16597  0.16011
    90  1    55  1    51  1   27   252.45  0.15822  0.25306  0.16324
    87  0    68  1    40  1   19   236.64  0.11564  0.05410  0.14945
    87  0    53  1    36  1   26   166.00  0.26757  0.20530  0.10152
   113  0    47  1    34  1   26   180.57  0.18661  0.01821  0.22839
    587    233    220
    8       29.6698212000
    60  1    44  1    36  1   12    95.04  0.25333  0.17110  0.24189
    76  1    42  1    40  1   15   127.68  0.04313  0.20813  0.21101
    65  1    49  1    48  1   11   152.88  0.03706  0.21987  0.25286
   109  0    92  1    51  1   17   511.43  0.09034  0.22537  0.04163
    93  0    42  1    31  1   15   121.09  0.05930  0.22367  0.22439
    83  1    64  1    59  1   17   313.41  0.01798  0.01763  0.21775
    96  1    90  1    55  1   17   475.20  0.04234  0.18778  0.12709
    52  1    42  1    31  1   15    67.70  0.25456  0.16302  0.14987
    587    233    220
    8       29.9265980000
    91  0    50  1    32  1   27   145.60  0.20572  0.21190  0.14029
   118  0    66  1    40  1   18   311.52  0.00226  0.02701  0.22048
    75  0    69  0    32  1   21   165.60  0.14734  0.02312  0.08859
    81  0    73  0    32  1   20   189.22  0.17787  0.06383  0.05779
    97  0    69  0    33  1   19   220.87  0.15124  0.03196  0.02019
    97  0    31  1    27  1   19    81.19  0.05433  0.13746  0.02307
    57  1    54  1    29  1   22    89.26  0.11087  0.06301  0.17162
    77  1    71  1    62  1   16   338.95  0.21897  0.17127  0.04807
    587    233    220
    8       30.0203502000
    56  0    32  1    28  1    9    50.18  0.24019  0.17238  0.01500
    92  0    68  1    39  1   11   243.98  0.01285  0.21033  0.13258
    90  0    86  0    29  1   19   224.46  0.18320  0.24055  0.07231
    73  1    54  1    52  1   19   204.98  0.19415  0.04935  0.06503
   114  0   100  0    45  1   20   513.00  0.15321  0.07080  0.22766
    94  0    51  1    36  1    9   172.58  0.14118  0.25411  0.08940
   108  0    59  1    38  1   12   242.14  0.19087  0.19435  0.04472
    89  1    82  1    61  1    9   445.18  0.03337  0.10554  0.14224
    587    233    220
    8       30.0344109000
    99  1    64  1    62  1   23   392.83  0.20675  0.20746  0.03911
   110  0    43  1    37  1   16   175.01  0.29461  0.25407  0.21716
    96  1    73  1    50  1   14   350.40  0.19589  0.04576  0.11598
   114  0    53  1    35  1   13   211.47  0.14559  0.24119  0.18244
   105  0    27  1    22  1   18    62.37  0.08187  0.00463  0.05501
    75  1    66  1    51  1   16   252.45  0.02294  0.11048  0.03550
    72  1    61  1    48  1   12   210.82  0.21359  0.18869  0.23545
   102  0    46  1    32  1   19   150.14  0.26909  0.17487  0.15926
    587    233    220
    8       29.8802554000
    96  1    95  1    68  1   13   620.16  0.10317  0.01292  0.22223
    69  1    61  1    35  1   15   147.32  0.18000  0.20723  0.12664
   107  1    70  1    55  1   15   411.95  0.18632  0.12923  0.09537
    92  0    85  0    34  1   15   265.88  0.15355  0.20975  0.00799
    96  0    60  1    31  1   23   178.56  0.04695  0.03469  0.14020
    66  1    38  1    38  1   15    95.30  0.17372  0.24597  0.12210
    63  1    57  1    36  1   23   129.28  0.23542  0.06361  0.13517
    51  1    31  1    31  1   19    49.01  0.12957  0.29142  0.14174
    587    233    220
    8       29.9603372000
    90  0    73  1    37  1   16   243.09  0.19716  0.30282  0.02757
   102  0    95  0    33  1   16   319.77  0.06581  0.17208  0.09577
   117  0    38  1    30  1   11   133.38  0.06185  0.13951  0.16033
    75  1    73  1    57  1   15   312.08  0.09356  0.22567  0.21704
    86  0    36  1    34  1   12   105.26  0.21776  0.24689  0.23922
   101  1    81  1    62  1   12   507.22  0.01316  0.27364  0.12333
    90  1    66  1    65  1   11   386.10  0.22359  0.08492  0.04366
    76  1    69  1    51  1   12   267.44  0.19453  0.15236  0.28732
    587    233    220
    8       29.9426227000
    86  1    79  1    69  1   11   468.79  0.22431  0.09488  0.14030
    53  1    46  1    31  1   16    75.58  0.01299  0.18255  0.25647
    96  0    51  1    37  1   12   181.15  0.14079  0.03056  0.06824
   119  0    55  1    54  1   16   353.43  0.03722  0.10290  0.19725
    77  0    74  0    37  1   13   210.83  0.16308  0.11294  0.23104
    96  0    73  0    24  1   13   168.19  0.21380  0.23675  0.04919
    75  1    67  1    54  1   16   271.35  0.16379  0.12783  0.24328
    88  1    71  1    61  1   17   381.13  0.17152  0.18645  0.04544
    587    233    220
    8       29.7699749000
   101  0    81  0    24  1   18   196.34  0.32059  0.09675  0.26140
    94  0    72  0    29  1   17   196.27  0.23960  0.24335  0.08908
    79  1    72  1    47  1   25   267.34  0.01772  0.30996  0.25836
    90  0    36  1    35  1   14   113.40  0.08266  0.30524  0.22002
    68  1    51  1    40  1   18   138.72  0.01750  0.00938  0.12909
    48  1    45  1    35  1   16    75.60  0.14784  0.02065  0.07637
   108  1    84  1    69  1   14   625.97  0.22420  0.32258  0.09116
    91  0    45  1    31  1   17   126.94  0.18935  0.15527  0.13170
    587    233    220
    8       29.7366797000
    77  0    42  1    30  1   16    97.02  0.23430  0.07590  0.04925
    98  0    45  1    28  1   16   123.48  0.25215  0.22014  0.06914
    61  1    58  1    32  1   20   113.22  0.05301  0.10305  0.15615
    92  1    77  1    61  1   11   432.12  0.09789  0.19148  0.26734
    58  0    44  1    27  1   27    68.90  0.11248  0.23899  0.14521
   108  0    72  1    50  1   17   388.80  0.06712  0.13298  0.13721
    93  1    72  1    71  1   15   475.42  0.13740  0.22347  0.21662
   111  0    49  1    30  1   22   163.17  0.07962  0.11438  0.01254
    587    233    220
    8       30.0774931000
    73  0    73  0    36  1   28   191.84  0.08288  0.07299  0.09382
    87  0    49  1    26  1   21   110.84  0.07600  0.08213  0.01414
    68  1    53  1    44  1   34   158.58  0.07913  0.17038  0.20384
    73  0    57  1    33  1   26   137.31  0.14253  0.11422  0.06252
    65  1    49  1    47  1   26   149.70  0.20166  0.07503  0.19398
    80  0    65  1    35  1   28   182.00  0.22283  0.01640  0.17831
    72  0    35  1    26  1   24    65.52  0.15950  0.08375  0.17065
    75  1    68  1    40  1   14   204.00  0.03026  0.13930  0.08598
    587    233    220
    8       30.0260782000
   105  0    68  1    42  1   19   299.88  0.19500  0.19263  0.04849
    75  0    37  1    24  1   24    66.60  0.14880  0.04151  0.06812
    79  0    73  0    26  1   16   149.94  0.13491  0.17342  0.01394
    95  0    53  1    38  1   17   191.33  0.25254  0.09504  0.24071
    50  1    41  1    40  1   21    82.00  0.05576  0.17182  0.08634
    80  1    59  1    52  1   19   245.44  0.22142  0.04366  0.13154
    90  0    74  0    35  1   19   233.10  0.08691  0.16723  0.14858
    87  1    60  1    60  1   20   313.20  0.01588  0.09863  0.25569
    587    233    220
    8       30.0629675000
    64  1    48  1    46  1   31   141.31  0.08580  0.11518  0.14105
    79  0    25  1    22  1   29    43.45  0.10434  0.02185  0.07192
    89  0    85  0    33  1   26   249.65  0.06369  0.14847  0.13532
    79  0    66  1    34  1   18   177.28  0.07787  0.03527  0.20562
    79  0    54  1    31  1   22   132.25  0.09603  0.14358  0.00282
   115  0    95  0    22  1   21   240.35  0.19110  0.14914  0.04782
    76  1    54  1    44  1   24   180.58  0.04493  0.06352  0.08402
    80  0    44  1    29  1   24   102.08  0.07304  0.02382  0.02196
    587    233    220
    8       29.8613339000
    78  1    59  1    54  1   13   248.51  0.02849  0.01413  0.12672
   120  0    52  0    20  1   12   124.80  0.00967  0.28545  0.01900
   100  1    67  1    54  1   18   361.80  0.14175  0.11748  0.11016
    91  0    59  1    37  1   14   198.65  0.16779  0.01405  0.10969
   112  0    57  1    56  1   18   357.50  0.14162  0.29328  0.13100
    88  0    46  1    34  1   12   137.63  0.25114  0.19471  0.05002
   108  0    78  1    53  1   13   446.47  0.13927  0.05678  0.23417
   100  0    48  1    29  1   14   139.20  0.07146  0.19694  0.05917
    587    233    220
    8       29.9332797000
   110  0    60  1    55  1    9   363.00  0.22163  0.35944  0.29925
    80  1    78  1    71  1    5   443.04  0.34729  0.15897  0.18862
   110  0    75  1    50  1   16   412.50  0.32423  0.09726  0.23667
   100  0    72  1    40  1   11   288.00  0.05911  0.26704  0.34109
   103  0    60  1    32  1   11   197.76  0.10551  0.25024  0.33045
    70  1    60  1    49  1    7   205.80  0.18475  0.11123  0.02248
    80  1    72  1    62  1    6   357.12  0.22932  0.30946  0.09898
   120  1    74  1    67  1   15   594.96  0.03009  0.21391  0.17722
    587    233    220
    8       29.9108207000
    65  1    51  1    50  1   22   165.75  0.14759  0.12055  0.23316
   113  0    78  0    28  1   14   246.79  0.24978  0.19913  0.21244
   120  0    35  1    32  1   22   134.40  0.06909  0.20780  0.27636
    71  0    53  0    20  1   22    75.26  0.19163  0.07808  0.07286
    94  1    70  1    64  1   23   421.12  0.04936  0.25002  0.06313
    64  0    33  1    32  1   23    67.58  0.12873  0.13941  0.18085
    71  0    35  1    21  1   25    52.19  0.13663  0.04317  0.00140
    85  1    59  1    49  1   23   245.74  0.10522  0.01786  0.18198
    587    233    220
    8       30.0372242000
    83  1    71  1    46  1   22   271.08  0.26090  0.22692  0.28213
    76  1    63  1    54  1   14   258.55  0.20004  0.22619  0.22617
    91  0    56  1    40  1   17   203.84  0.20392  0.18476  0.15001
    61  1    42  1    34  1   21    87.11  0.11057  0.21847  0.16432
    84  1    67  1    47  1   19   264.52  0.07831  0.00506  0.08448
    95  1    79  1    57  1   14   427.79  0.06253  0.16394  0.00251
    90  0    80  0    23  1   17   165.60  0.05538  0.27224  0.20575
    69  0    43  1    28  1   16    83.08  0.16522  0.02689  0.19511
    587    233    220
    8       29.9778550000
   114  0    77  1    42  1   16   368.68  0.11099  0.26965  0.18568
   105  1    81  1    74  1   17   629.37  0.06584  0.00606  0.15128
    76  1    73  1    50  1   13   277.40  0.15346  0.22525  0.08917
   104  0    91  0    41  1   12   388.02  0.18975  0.03446  0.18700
    75  0    70  0    23  1   17   120.75  0.20431  0.08143  0.15925
    93  0    67  0    20  1    4   124.62  0.21515  0.11160  0.14433
    89  0    54  0    25  1    8   120.15  0.24924  0.13607  0.07628
    89  0    46  1    28  1   14   114.63  0.24350  0.05402  0.15274
    587    233    220
    8       30.0490766000
    55  0    37  1    22  1   23    44.77  0.05076  0.28154  0.19429
    72  0    55  1    31  1   14   122.76  0.32682  0.25782  0.06775
    61  1    56  1    36  1   20   122.98  0.10995  0.30168  0.24737
    76  0    72  0    22  1   19   120.38  0.00272  0.29761  0.11054
    74  1    66  1    61  1   20   297.92  0.07979  0.28570  0.16556
    43  1    39  1    32  1   11    53.66  0.19778  0.08708  0.30642
   108  0    98  0    27  1   18   285.77  0.04470  0.20920  0.07040
   109  1    73  1    65  1   21   517.21  0.09945  0.07515  0.09418
    587    233    220
    8       29.9248039000
    87  0    33  1    28  1   20    80.39  0.26271  0.02257  0.14627
    97  1    70  1    57  1   22   387.03  0.22373  0.24239  0.11596
    71  1    57  1    38  1   20   153.79  0.17966  0.10252  0.01842
    63  1    53  1    47  1   17   156.93  0.21310  0.19762  0.28269
    77  0    56  1    37  1   18   159.54  0.25854  0.13220  0.12361
   102  0    67  1    47  1   21   321.20  0.01144  0.18378  0.07621
    72  0    31  1    29  1   20    64.73  0.15066  0.11816  0.08314
    84  0    58  1    38  1   17   185.14  0.17249  0.11454  0.12589
    587    233    220
    8       29.8994272000
   119  0    34  1    28  1   15   113.29  0.08791  0.13164  0.26919
    84  1    69  1    48  1   19   278.21  0.15587  0.15325  0.09037
    97  1    82  1    78  1   20   620.41  0.17906  0.19744  0.08231
   109  0    43  1    33  1   13   154.67  0.22062  0.27112  0.01742
    80  1    75  1    47  1   19   282.00  0.24201  0.22884  0.21064
    74  0    62  0    30  1   11   137.64  0.23016  0.03351  0.05160
    40  1    35  1    31  1   12    43.40  0.01542  0.19294  0.17313
    58  0    43  1    26  1   17    64.84  0.02145  0.19263  0.17778
    587    233    220
    8       29.9751311000
   100  0    60  1    40  1   14   240.00  0.01321  0.20866  0.16130
    89  0    67  1    34  1   26   202.74  0.13561  0.11495  0.04651
    92  0    80  0    38  1   16   279.68  0.07251  0.19574  0.16512
    90  0    81  0    24  1   29   174.96  0.10989  0.14958  0.06834
    84  0    52  1    38  1   18   165.98  0.04823  0.20924  0.18416
    77  1    54  1    46  1   20   191.27  0.09173  0.16390  0.04996
    90  0    49  1    33  1   16   145.53  0.06504  0.00546  0.10276
    78  0    45  1    27  1   28    94.77  0.14074  0.20529  0.09601
    587    233    220
    8       29.9890726000
    95  0    92  0    46  1   11   402.04  0.30836  0.23395  0.20761
    65  1    60  1    40  1   12   156.00  0.15938  0.19242  0.29851
   103  1    62  1    59  1   13   376.77  0.24315  0.18426  0.16110
    71  1    65  1    52  1   13   239.98  0.05802  0.06658  0.26170
   119  0    87  0    28  1   13   289.88  0.20464  0.02773  0.07795
   109  1    92  1    78  1    9   782.18  0.06108  0.05015  0.12901
    58  1    54  1    35  1   11   109.62  0.18892  0.05022  0.12062
    98  1    73  1    64  1    8   457.86  0.22978  0.12475  0.22985
    587    233    220
    8       30.0518453000
    91  0    52  1    33  1   13   156.16  0.29864  0.21430  0.18625
    87  1    81  1    63  1   11   443.96  0.20939  0.16271  0.31514
   113  0    79  1    45  1    9   401.71  0.07198  0.06153  0.22361
   114  0    52  1    45  1    6   266.76  0.19352  0.01559  0.07024
   110  1    90  1    66  1   13   653.40  0.05706  0.08287  0.15663
    81  0    41  1    31  1   12   102.95  0.31917  0.06424  0.29366
   108  0    67  1    37  1   10   267.73  0.12532  0.25868  0.14660
   118  0    82  1    57  1   10   551.53  0.07269  0.09503  0.32207
    587    233    220
    8       29.8846453000
    86  1    65  1    57  1   18   318.63  0.18693  0.04799  0.07563
    61  1    37  1    32  1   17    72.22  0.24457  0.05778  0.07791
    39  1    33  1    27  1   16    34.75  0.02704  0.09708  0.04789
    85  0    33  1    26  1   26    72.93  0.17226  0.14992  0.12736
   101  0    94  0    42  1   20   398.75  0.09380  0.19036  0.18716
    65  1    53  1    46  1   29   158.47  0.04887  0.08016  0.19979
    76  1    72  1    39  1   31   213.41  0.19222  0.15786  0.16840
    47  1    42  1    25  1   26    49.35  0.09390  0.23031  0.24145
    587    233    220
    8       29.6384125000
    96  1    82  1    63  1   11   495.94  0.18227  0.12762  0.15907
    74  1    63  1    59  1   14   275.06  0.05146  0.02010  0.25831
    86  0    60  1    43  1   11   221.88  0.05296  0.24909  0.08360
    90  1    67  1    57  1   20   343.71  0.16215  0.04043  0.26055
    97  1    91  1    80  1   10   706.16  0.02209  0.18297  0.24988
   116  0    61  0    28  1    8   198.13  0.01577  0.21403  0.17040
    86  0    41  1    35  1   13   123.41  0.12293  0.05944  0.29052
    67  0    44  1    26  1   10    76.65  0.13722  0.07189  0.10212
    587    233    220
    8       29.8368155000
    78  0    69  1    37  1    9   199.13  0.13550  0.00847  0.27104
   115  1    90  1    58  1    9   600.30  0.03081  0.03621  0.30540
    68  0    53  0    20  1   10    72.08  0.01504  0.20681  0.27800
   119  0    71  1    47  1    9   397.10  0.30482  0.14618  0.03889
   100  1    82  1    57  1   11   467.40  0.15901  0.10833  0.14507
    88  1    76  1    52  1   14   347.78  0.11604  0.05793  0.05474
    95  0    90  0    43  1   10   367.65  0.22136  0.30397  0.02133
    87  1    72  1    62  1   12   388.37  0.11068  0.23868  0.24854
    587    233    220
    8       29.9989134000
    75  1    73  1    69  1   17   377.77  0.26535  0.01876  0.13388
    66  1    56  1    40  1   27   147.84  0.26305  0.31058  0.16270
    64  1    51  1    41  1   23   133.82  0.17206  0.23043  0.01289
    90  0    52  1    28  1   26   131.04  0.02348  0.15954  0.31911
    73  0    33  1    28  1   17    67.45  0.00662  0.18082  0.08034
    91  1    76  1    60  1   15   414.96  0.16651  0.07392  0.03075
    54  1    45  1    28  1   20    68.04  0.00635  0.22549  0.05501
   107  1    81  1    56  1    9   485.35  0.00067  0.04002  0.13140
    587    233    220
    8       30.0409913000
   101  0    69  0    20  1   18   139.38  0.16180  0.08055  0.00199
   108  0    66  1    54  1   22   384.91  0.03980  0.04297  0.08141
    74  0    62  1    33  1   26   151.40  0.16084  0.06111  0.16771
    69  0    61  1    33  1   25   138.90  0.18403  0.11066  0.07780
    71  0    64  0    31  1   21   140.86  0.19611  0.17265  0.06032
    38  1    32  1    30  1   17    36.48  0.19672  0.09674  0.13715
   108  0    47  1    37  1   21   187.81  0.16145  0.01868  0.15180
   100  0    41  1    36  1   28   147.60  0.07570  0.11761  0.11225
    587    233    220
    8       30.0622314000
    64  0    42  1    26  1   28    69.89  0.12050  0.18243  0.04146
    92  1    58  1    52  1   22   277.47  0.22050  0.14418  0.25635
    92  0    85  0    21  1   24   164.22  0.16396  0.10303  0.23924
    90  0    49  1    33  1   21   145.53  0.14720  0.00326  0.15069
    54  1    48  1    34  1   22    88.13  0.11502  0.02152  0.11019
    95  0    62  1    45  1   30   265.05  0.03611  0.20813  0.22413
    72  1    49  1    46  1   21   162.29  0.04762  0.17256  0.24100
    56  0    42  1    25  1   29    58.80  0.18727  0.00843  0.06092
    587    233    220
    8       30.0199210000
    74  0    60  1    32  1   19   142.08  0.06591  0.07213  0.21062
   100  0    50  1    43  1   19   215.00  0.21180  0.01183  0.20404
    95  0    74  1    42  1   25   295.26  0.09781  0.09045  0.19000
    95  0    70  0    30  1   21   199.50  0.03323  0.10241  0.18018
    45  1    37  1    24  1   22    39.96  0.15514  0.20336  0.20452
    67  0    60  0    25  1   19   100.50  0.20242  0.00518  0.17203
    55  1    51  1    35  1   20    98.18  0.02860  0.07213  0.18162
    76  1    71  1    61  1   21   329.16  0.17835  0.15672  0.12244
    587    233    220
    8       30.0845950000
   106  0    55  1    38  1   22   221.54  0.07031  0.01114  0.19939
    69  1    50  1    48  1   17   165.60  0.03852  0.29225  0.28803
   106  1    63  1    57  1   19   380.65  0.03434  0.31661  0.09681
    71  1    66  1    51  1   10   238.99  0.11379  0.00118  0.16125
    62  1    41  1    36  1   14    91.51  0.08667  0.21386  0.29686
    75  1    49  1    39  1   17   143.32  0.30114  0.00839  0.14611
    90  1    64  1    53  1   16   305.28  0.15413  0.08465  0.01718
    96  1    79  1    55  1   10   417.12  0.00424  0.07747  0.17010
    587    233    220
    8       29.6545863000
    51  1    46  1    44  1   25   103.22  0.27868  0.27480  0.29576
    95  0    92  1    47  1   19   410.78  0.25076  0.11487  0.22395
   116  0    39  1    23  1    9   104.05  0.28130  0.09639  0.18794
    51  1    37  1    32  1   13    60.38  0.16096  0.24102  0.13341
   117  0    44  1    38  1   13   195.62  0.16836  0.06715  0.03943
   103  1    89  1    73  1   12   669.19  0.25467  0.00332  0.17056
    73  1    55  1    54  1    7   216.81  0.01485  0.18238  0.00962
   116  0    98  0    40  1   12   454.72  0.08386  0.09360  0.02738
    587    233    220
    8       30.0640970000
    78  1    49  1    47  1   11   179.63  0.30702  0.00234  0.07550
    46  1    45  1    43  1   16    89.01  0.11379  0.16969  0.16916
    98  0    44  1    36  1   16   155.23  0.23406  0.12826  0.15836
   100  0    89  0    31  1   18   275.90  0.14679  0.14785  0.19527
   108  0    76  1    47  1   22   385.78  0.18970  0.14661  0.30357
    75  0    36  1    28  1   21    75.60  0.09628  0.06765  0.06698
   108  1    82  1    56  1   17   495.94  0.13777  0.13664  0.26150
    45  1    41  1    24  1   16    44.28  0.03777  0.08497  0.28808
