    587    233    220
    3       29.7364026000
   108  0    76  0    30  1   40   246.24  0.07670  0.15648  0.03365
   110  0    43  1    25  1   33   118.25  0.06576  0.08464  0.06213
   97  0    81  0    27  1   41   212.14  0.08045  0.06182  0.00705
    587    233    220
    3       29.7477275000
    49  0    25  1    21  1   41    25.73  0.04241  0.14903  0.26878
    60  1    51  1    41  1   53   125.46  0.13019  0.15291  0.00727
   103  1    76  1    64  1   44   500.99  0.18927  0.18160  0.09389
    587    233    220
    3       29.9632549000
    97  0    81  0    27  1   41   212.14  0.08045  0.06182  0.00705
   102  0    78  0    39  1   42   310.28  0.10387  0.00252  0.11111
   113  0    46  1    36  1   44   187.13  0.07234  0.08477  0.12813
    587    233    220
    3       30.0362378000
   113  0    92  0    33  1   67   343.07  0.10764  0.03653  0.14329
    52  1    37  1    28  1   60    53.87  0.08852  0.04400  0.09640
    57  1    33  1    29  1   70    54.55  0.01887  0.01765  0.07794
    587    233    220
    3       29.9343615000
    88  0    54  1    39  1   51   185.33  0.06770  0.13976  0.21205
    94  0    54  1    36  1   38   182.74  0.11456  0.05682  0.21057
    87  0    77  1    43  1   47   288.06  0.09627  0.08687  0.12522
    587    233    220
    3       30.0396859000
    86  1    84  1    45  1   56   325.08  0.05699  0.07129  0.04059
    81  0    45  1    34  1   56   123.93  0.09120  0.03819  0.14952
    70  1    54  1    37  1   35   139.86  0.14195  0.07771  0.01461
    587    233    220
    3       30.0304055000
   118  0    79  1    51  1   37   475.42  0.21709  0.21449  0.22625
    86  0    32  1    31  1   44    85.31  0.18462  0.16878  0.20591
    64  1    58  1    52  1   45   193.02  0.05001  0.03233  0.01240
    587    233    220
    3       30.0150960000
    75  1    58  1    57  1   58   247.95  0.15243  0.19238  0.14001
    57  1    37  1    30  1   66    63.27  0.10499  0.04369  0.12393
    79  0    74  0    35  1   56   204.61  0.03522  0.11029  0.17240
    587    233    220
    3       29.8450917000
    90  1    70  1    63  1   29   396.90  0.00964  0.05853  0.15247
    84  0    78  0    28  1   32   183.46  0.23848  0.24734  0.10732
    94  0    85  0    39  1   40   311.61  0.14935  0.25270  0.26974
    587    233    220
    3       29.9649059000
    68  0    66  0    31  1   44   139.13  0.05180  0.14442  0.21813
   120  0    34  1    26  1   41   106.08  0.09849  0.10855  0.04275
    95  1    76  1    60  1   45   433.20  0.04893  0.06552  0.15748
    587    233    220
    3       29.7291785000
    74  1    63  1    61  1   33   284.38  0.09611  0.24256  0.25468
    71  0    60  0    25  1   36   106.50  0.16409  0.08145  0.29524
   106  1    80  1    59  1   33   500.32  0.28615  0.18396  0.28598
    587    233    220
    3       29.9997448000
    95  1    80  1    57  1   38   433.20  0.07402  0.23255  0.19536
   112  0    87  0    23  1   29   224.11  0.17557  0.25131  0.10495
   116  0    41  1    40  1   37   190.24  0.25376  0.25701  0.16284
    587    233    220
    3       30.0434947000
    52  0    36  1    25  1  112    46.80  0.12382  0.03275  0.11426
    63  0    37  1    21  1   76    48.95  0.14076  0.18000  0.06730
   100  0    61  1    36  1   96   219.60  0.14143  0.18065  0.08088
    587    233    220
    3       29.6876221000
    68  0    48  1    31  1   45   101.18  0.05341  0.29883  0.25550
   104  1    80  1    63  1   41   524.16  0.17545  0.02326  0.29008
    82  0    46  0    21  1   46    79.21  0.08119  0.16751  0.11679
    587    233    220
    3       30.0416678000
   100  0    44  1    37  1   32   162.80  0.01889  0.16866  0.14086
    90  1    78  1    55  1   49   386.10  0.03283  0.24279  0.25315
    65  1    57  1    42  1   38   155.61  0.02624  0.11805  0.14826
    587    233    220
    3       30.0306171000
    43  1    40  1    39  1   49    67.08  0.20603  0.12170  0.10268
    97  0    76  1    40  1   51   294.88  0.16324  0.04696  0.20185
    67  1    63  1    47  1   59   198.39  0.06627  0.08134  0.22350
    587    233    220
    3       29.9181580000
    72  0    49  1    35  1   72   123.48  0.02722  0.05079  0.15192
    75  1    66  1    47  1   76   232.65  0.20089  0.06009  0.13100
    78  0    30  1    22  1   65    51.48  0.16067  0.11090  0.02547
    587    233    220
    3       29.6241343000
   104  0    55  1    30  1   25   171.60  0.07543  0.08339  0.00380
    92  1    89  1    73  1   24   597.72  0.18127  0.03528  0.09252
    88  0    88  0    43  1   33   332.99  0.23062  0.11967  0.10405
    587    233    220
    3       30.0634622000
    60  0    45  1    26  1   40    70.20  0.17539  0.12489  0.12725
    71  1    43  1    39  1   40   119.07  0.28900  0.10885  0.17159
    99  1    71  1    64  1   50   449.86  0.28308  0.16471  0.26576
    587    233    220
    3       30.0253629000
    97  1    77  1    66  1   28   492.95  0.04846  0.26619  0.28743
    81  1    69  1    69  1   32   385.64  0.24863  0.02984  0.07684
   109  0    53  0    24  1   28   138.65  0.24921  0.16368  0.11699
    587    233    220
    3       30.0142854000
   109  1    93  1    72  1   27   729.86  0.11453  0.19753  0.14876
    95  0    67  0    32  1   26   203.68  0.29158  0.16132  0.12720
   119  0    45  1    36  1   26   192.78  0.26829  0.20475  0.14754
    587    233    220
    3       29.9080699000
    89  1    78  1    50  1   29   347.10  0.03570  0.11641  0.21840
    73  1    65  1    46  1   51   218.27  0.23728  0.23970  0.14747
    94  0    66  1    39  1   36   241.96  0.00656  0.26039  0.19325
    587    233    220
    3       29.9921751000
    84  0    81  0    23  1   50   156.49  0.33857  0.23827  0.18976
   115  1    72  1    64  1   34   529.92  0.09352  0.28782  0.20192
    77  0    49  1    25  1   44    94.32  0.27757  0.34157  0.29533
    587    233    220
    3       29.9313426000
   113  0    80  0    29  1   35   262.16  0.25193  0.00261  0.11847
    98  1    65  1    62  1   34   394.94  0.17609  0.10674  0.24604
    60  1    59  1    46  1   45   162.84  0.11888  0.29096  0.04107
    587    233    220
    3       30.0764203000
    75  0    54  1    35  1   47   141.75  0.19325  0.15822  0.03772
   107  0    60  1    49  1   45   314.58  0.11818  0.01251  0.08519
    70  1    67  1    42  1   47   196.98  0.00216  0.16372  0.02808
    587    233    220
    3       29.9521207000
    86  0    71  1    41  1   46   250.35  0.19964  0.19304  0.09089
    75  1    58  1    58  1   41   252.30  0.04156  0.13756  0.05323
   100  0    81  0    27  1   37   218.70  0.00442  0.20452  0.08744
    587    233    220
    3       29.8640966000
   118  0    66  1    47  1   39   366.04  0.09481  0.03875  0.08609
    99  0    56  0    25  1   34   138.60  0.03422  0.25402  0.16685
    91  1    83  1    48  1   30   362.54  0.05847  0.20655  0.06707
    587    233    220
    3       29.8613101000
    62  1    59  1    52  1   32   190.22  0.10259  0.19420  0.13518
    54  1    52  1    50  1   39   140.40  0.20820  0.04373  0.28808
   102  1    69  1    65  1   40   457.47  0.28299  0.13868  0.22439
    587    233    220
    3       30.0036638000
    91  1    58  1    57  1   40   300.85  0.21905  0.20390  0.11726
    92  1    78  1    53  1   33   380.33  0.10725  0.03887  0.24460
   112  0    48  1    28  1   36   150.53  0.04869  0.02100  0.13974
    587    233    220
    3       30.0363808000
    64  0    53  1    32  1  154   108.54  0.11136  0.11982  0.03455
    51  1    42  1    28  1  117    59.98  0.04252  0.07691  0.06179
    49  1    32  1    30  1  134    47.04  0.06667  0.13820  0.13645
    587    233    220
    3       30.0488293000
    70  1    63  1    49  1   45   216.09  0.03691  0.11818  0.24499
    84  1    54  1    49  1   42   222.26  0.16277  0.20405  0.17153
    89  0    70  1    42  1   42   261.66  0.20530  0.16677  0.16486
    587    233    220
    3       30.0455868000
    95  0    76  1    44  1   57   317.68  0.16144  0.11466  0.05109
    81  0    47  1    34  1   58   129.44  0.06779  0.18136  0.16160
    71  0    52  1    30  1   40   110.76  0.11295  0.04734  0.10137
    587    233    220
    3       29.9428731000
    40  1    36  1    21  1   84    30.24  0.13110  0.01798  0.10536
    76  0    45  1    31  1  103   106.02  0.04162  0.09151  0.12295
    63  1    54  1    51  1   95   173.50  0.07879  0.07242  0.06210
    587    233    220
    3       29.8017740000
    68  0    35  1    27  1   47    64.26  0.12494  0.02155  0.04601
   118  0    57  1    43  1   54   289.22  0.05975  0.00438  0.06685
    73  0    72  0    36  1   59   189.22  0.06339  0.16128  0.08161
    587    233    220
    3       29.9997270000
   100  0    33  1    31  1   46   102.30  0.04376  0.17537  0.09942
    84  0    68  1    42  1   58   239.90  0.20338  0.13902  0.07347
    95  0    84  0    31  1   46   247.38  0.03314  0.11080  0.18340
    587    233    220
    3       29.7785997000
    41  1    39  1    26  1   57    41.57  0.01498  0.21196  0.26872
   110  0    40  1    34  1   70   149.60  0.20034  0.04625  0.18917
    94  1    77  1    52  1   45   376.38  0.06469  0.16568  0.09752
    587    233    220
    3       29.9473017000
    98  0    73  1    44  1   25   314.78  0.05894  0.20006  0.07044
    60  1    60  1    38  1   37   136.80  0.13013  0.10636  0.22997
   105  1    73  1    60  1   37   459.90  0.09921  0.13187  0.25413
    587    233    220
    3       30.0250560000
   104  0    94  1    50  1   34   488.80  0.25758  0.22086  0.22938
   102  0    87  0    36  1   25   319.46  0.20571  0.11794  0.25016
   115  0    42  1    33  1   34   159.39  0.04621  0.25669  0.19588
    587    233    220
    3       29.9939006000
    89  1    56  1    45  1   97   224.28  0.07257  0.23591  0.03699
    53  1    37  1    34  1   69    66.67  0.10137  0.04918  0.01097
    54  0    35  1    25  1   77    47.25  0.20870  0.10989  0.02190
    587    233    220
    3       29.9577832000
    85  1    77  1    62  1   28   405.79  0.22176  0.09605  0.12257
    94  0    63  1    32  1   39   189.50  0.16337  0.10464  0.17393
    83  1    75  1    45  1   40   280.13  0.21179  0.03845  0.13897
    587    233    220
    3       30.0485163000
   109  1    80  1    68  1   35   592.96  0.08842  0.20658  0.16348
    90  0    45  1    31  1   37   125.55  0.14259  0.17319  0.11663
    66  1    56  1    34  1   37   125.66  0.18917  0.22613  0.15825
    587    233    220
    3       30.0770670000
    76  1    74  1    50  1   50   281.20  0.15412  0.14285  0.03242
    86  0    40  1    29  1   61    99.76  0.01477  0.12974  0.11606
    66  1    55  1    48  1   57   174.24  0.12003  0.21584  0.15981
    587    233    220
    3       29.8728227000
    82  1    80  1    71  1   35   465.76  0.02973  0.02316  0.04299
    66  0    37  1    27  1   49    65.93  0.24180  0.19084  0.15504
    77  0    76  0    31  1   57   181.41  0.05143  0.11519  0.04865
    587    233    220
    3       29.9564242000
   114  0    67  0    25  1   61   190.95  0.04336  0.10356  0.06762
    92  0    79  0    25  1   44   181.70  0.07638  0.10317  0.00503
    89  0    87  0    36  1   37   278.75  0.06865  0.09153  0.00361
    587    233    220
    3       30.0111055000
    63  0    55  1    31  1   51   107.42  0.07593  0.13027  0.20624
   120  0    43  1    23  1   39   118.68  0.21624  0.07836  0.18584
    97  1    72  1    57  1   50   398.09  0.08157  0.25727  0.23366
    587    233    220
    3       29.7374486000
    86  0    58  1    36  1   37   179.57  0.08532  0.09156  0.08396
    71  0    69  0    22  1   37   107.78  0.06251  0.22861  0.18725
   108  0    78  1    54  1   42   454.90  0.09504  0.05520  0.16496
    587    233    220
    3       29.8394858000
   118  0    54  1    42  1   51   267.62  0.07349  0.13745  0.11129
   112  0    95  0    20  1   41   212.80  0.08289  0.12546  0.05238
   118  0    38  1    37  1   45   165.91  0.05046  0.09001  0.08124
    587    233    220
    3       30.0551742000
    59  1    49  1    48  1   43   138.77  0.12846  0.00577  0.04405
    79  1    63  1    46  1   54   228.94  0.00488  0.21941  0.19902
    95  0    58  1    38  1   56   209.38  0.16287  0.20945  0.12809
    587    233    220
    3       29.9203455000
    91  0    54  1    45  1   32   221.13  0.29727  0.27315  0.30413
   105  1    77  1    72  1   24   582.12  0.28077  0.26574  0.23907
    79  1    78  1    48  1   30   295.78  0.21889  0.25523  0.28510
    587    233    220
    3       29.9209982000
    60  1    40  1    32  1   64    76.80  0.25715  0.08833  0.08224
    98  1    75  1    55  1   40   404.25  0.04858  0.07553  0.15256
    60  1    59  1    39  1   64   138.06  0.08560  0.07693  0.22053
    587    233    220
    3       30.0231695000
    66  1    64  1    36  1   47   152.06  0.22873  0.07750  0.06548
    97  1    73  1    49  1   49   346.97  0.19643  0.25339  0.25344
    69  1    60  1    43  1   33   178.02  0.25501  0.05127  0.04468
    587    233    220
    3       30.0834000000
    96  0    72  0    31  1   61   214.27  0.01727  0.17044  0.10712
    75  1    72  1    47  1   56   253.80  0.21173  0.09790  0.20127
    80  0    25  1    20  1   70    40.00  0.11917  0.13043  0.03203
    587    233    220
    3       30.0559103000
    78  0    37  1    27  1   63    77.92  0.11762  0.02496  0.06333
    89  0    70  0    25  1   52   155.75  0.11041  0.00958  0.04671
    90  0    84  0    41  1   55   309.96  0.00228  0.07439  0.00564
    587    233    220
    3       30.0893783000
    99  0    68  0    23  1   54   154.84  0.14375  0.24261  0.01754
    68  1    52  1    40  1   53   141.44  0.00648  0.06230  0.12779
   101  1    66  1    61  1   35   406.63  0.09366  0.10451  0.01650
    587    233    220
    3       29.8799186000
   100  0    94  0    28  1   40   263.20  0.05804  0.01156  0.14002
    81  1    78  1    66  1   36   416.99  0.15176  0.07572  0.00828
   111  0    49  0    21  1   38   114.22  0.18387  0.06517  0.10309
    587    233    220
    3       30.0103515000
    90  0    41  1    34  1  133   125.46  0.00975  0.11767  0.12123
    64  0    32  1    28  1  131    57.34  0.00964  0.01094  0.11161
    42  1    31  1    31  1  144    40.36  0.05594  0.03371  0.05927
    587    233    220
    3       29.9409538000
    85  0    73  1    40  1   39   248.20  0.14337  0.19950  0.14756
    73  1    62  1    54  1   42   244.40  0.09428  0.17260  0.19225
    90  0    63  1    41  1   43   232.47  0.04501  0.10969  0.17164
    587    233    220
    3       30.0700455000
   105  0    81  1    46  1   38   391.23  0.11281  0.21905  0.12712
   115  1    81  1    61  1   22   568.22  0.33848  0.07053  0.04029
    72  0    51  0    23  1   32    84.46  0.33338  0.24112  0.14258
    587    233    220
    3       30.0824701000
    76  1    52  1    46  1   74   181.79  0.03863  0.17223  0.13224
    66  0    59  1    31  1   52   120.71  0.05620  0.18234  0.10551
    62  1    55  1    44  1   69   150.04  0.15840  0.13041  0.06419
    587    233    220
    3       30.0448566000
    78  1    72  1    58  1   36   325.73  0.06871  0.09409  0.19974
   107  1    57  1    57  1   37   347.64  0.00509  0.08836  0.14839
    72  1    64  1    37  1   32   170.50  0.06489  0.24433  0.26061
    587    233    220
    3       29.6208053000
   109  1    68  1    64  1   28   474.37  0.17251  0.14341  0.23362
    84  1    58  1    55  1   31   267.96  0.24251  0.16808  0.23624
    96  0    83  0    24  1   42   191.23  0.10133  0.32628  0.02125
    587    233    220
    3       29.9729466000
    70  1    63  1    50  1   33   220.50  0.00697  0.06992  0.07657
   100  0    53  1    34  1   39   180.20  0.09586  0.08402  0.23027
    93  0    78  1    45  1   48   326.43  0.17540  0.01944  0.04012
    587    233    220
    3       30.0202220000
    82  1    76  1    59  1   32   367.69  0.16062  0.08518  0.17883
    60  1    51  1    50  1   29   153.00  0.16893  0.30767  0.18179
   104  1    66  1    61  1   33   418.70  0.24618  0.14650  0.16349
    587    233    220
    3       30.0802946000
   114  0    54  0    20  1   42   123.12  0.02696  0.17748  0.15244
    92  1    87  1    50  1   46   400.20  0.15109  0.17731  0.13516
   114  0    43  1    26  1   51   127.45  0.09261  0.12584  0.21995
    587    233    220
    3       30.0875723000
    55  0    50  1    26  1  160    71.50  0.10269  0.07220  0.13516
    48  1    42  1    37  1  167    74.59  0.14318  0.03611  0.01371
    47  1    34  1    26  1  149    41.55  0.05975  0.14793  0.04030
    587    233    220
    3       29.9376696000
    87  0    45  1    32  1   47   125.28  0.04999  0.02671  0.11894
    84  1    63  1    46  1   52   243.43  0.07996  0.03574  0.12088
    84  1    67  1    44  1   46   247.63  0.01731  0.11536  0.17171
    587    233    220
    3       29.9743622000
   119  0    41  1    38  1   57   185.40  0.10233  0.08163  0.05176
    90  0    44  1    35  1   79   138.60  0.08025  0.04361  0.04494
    67  0    55  0    27  1   85    99.50  0.12076  0.03611  0.07818
    587    233    220
    3       30.0640344000
    60  1    44  1    36  1   74    95.04  0.09957  0.21435  0.12143
    76  1    42  1    40  1   81   127.68  0.03101  0.21537  0.03227
    65  1    49  1    48  1   83   152.88  0.03115  0.07526  0.09547
    587    233    220
    3       29.8105239000
    91  0    50  1    32  1   52   145.60  0.13971  0.19654  0.01606
   118  0    66  1    40  1   48   311.52  0.19493  0.16223  0.01803
    75  0    69  0    32  1   44   165.60  0.01703  0.06232  0.10923
    587    233    220
    3       29.9171149000
    56  0    32  1    28  1   46    50.18  0.12982  0.06247  0.12065
    92  0    68  1    39  1   69   243.98  0.08130  0.17726  0.07577
    90  0    86  0    29  1   48   224.46  0.09897  0.02519  0.08495
    587    233    220
    3       29.9891293000
    99  1    64  1    62  1   38   392.83  0.04846  0.12500  0.18349
   110  0    43  1    37  1   30   175.01  0.11781  0.29411  0.07054
    96  1    73  1    50  1   28   350.40  0.25715  0.20932  0.09794
    587    233    220
    3       29.9629092000
    96  1    95  1    68  1   28   620.16  0.25646  0.19951  0.08009
    69  1    61  1    35  1   24   147.32  0.19333  0.17756  0.30886
   107  1    70  1    55  1   22   411.95  0.09897  0.31234  0.12975
    587    233    220
    3       29.9676835000
    90  0    73  1    37  1   44   243.09  0.15739  0.17845  0.17290
   102  0    95  0    33  1   44   319.77  0.00951  0.19778  0.08914
   117  0    38  1    30  1   39   133.38  0.16161  0.06137  0.03155
    587    233    220
    3       29.8802077000
    86  1    79  1    69  1   38   468.79  0.06669  0.03637  0.10056
    53  1    46  1    31  1   47    75.58  0.19277  0.15938  0.11037
    96  0    51  1    37  1   47   181.15  0.22579  0.20894  0.23137
    587    233    220
    3       30.0196856000
   101  0    81  0    24  1   50   196.34  0.08360  0.19009  0.11401
    94  0    72  0    29  1   43   196.27  0.00525  0.08289  0.21987
    79  1    72  1    47  1   44   267.34  0.06360  0.13383  0.13773
    587    233    220
    3       29.9887150000
    77  0    42  1    30  1   89    97.02  0.10555  0.11976  0.06870
    98  0    45  1    28  1   95   123.48  0.11155  0.08817  0.00909
    61  1    58  1    32  1   85   113.22  0.14844  0.11201  0.02608
    587    233    220
    3       30.0271332000
    73  0    73  0    36  1   74   191.84  0.20278  0.04876  0.06144
    87  0    49  1    26  1   67   110.84  0.05197  0.08215  0.01965
    68  1    53  1    44  1   53   158.58  0.04623  0.15981  0.19141
    587    233    220
    3       30.0693005000
   105  0    68  1    42  1   61   299.88  0.03245  0.05324  0.10545
    75  0    37  1    24  1   53    66.60  0.13554  0.01090  0.19739
    79  0    73  0    26  1   55   149.94  0.07428  0.18814  0.04358
    587    233    220
    3       30.0299465000
    64  1    48  1    46  1   79   141.31  0.10247  0.02430  0.14530
    79  0    25  1    22  1   55    43.45  0.06600  0.09768  0.07225
    89  0    85  0    33  1   66   249.65  0.09700  0.11878  0.08786
    587    233    220
    3       30.0787091000
    78  1    59  1    54  1   40   248.51  0.16779  0.01405  0.10969
   120  0    52  0    20  1   57   124.80  0.14162  0.29328  0.13100
   100  1    67  1    54  1   36   361.80  0.25114  0.19471  0.05002
    587    233    220
    3       29.8291414000
   110  0    60  1    55  1   23   363.00  0.21799  0.11726  0.12846
    80  1    78  1    71  1   28   443.04  0.04700  0.14508  0.22478
   110  0    75  1    50  1   22   412.50  0.20037  0.16030  0.08605
    587    233    220
    3       29.9343943000
    65  1    51  1    50  1   51   165.75  0.01295  0.06336  0.07952
   113  0    78  0    28  1   56   246.79  0.16462  0.13055  0.19422
   120  0    35  1    32  1   57   134.40  0.16180  0.11059  0.00163
    587    233    220
    3       29.8687994000
    83  1    71  1    46  1   43   271.08  0.21142  0.09729  0.00899
    76  1    63  1    54  1   46   258.55  0.15880  0.17869  0.22184
    91  0    56  1    40  1   31   203.84  0.21610  0.00592  0.14480
    587    233    220
    3       30.0654470000
   114  0    77  1    42  1   31   368.68  0.06037  0.02292  0.26456
   105  1    81  1    74  1   23   629.37  0.17542  0.27302  0.12132
    76  1    73  1    50  1   15   277.40  0.26455  0.05606  0.29565
    587    233    220
    3       30.0570011000
    55  0    37  1    22  1  117    44.77  0.05701  0.08803  0.01019
    72  0    55  1    31  1  103   122.76  0.13287  0.03391  0.12204
    61  1    56  1    36  1   99   122.98  0.07444  0.07015  0.09578
    587    233    220
    3       29.8494249000
    87  0    33  1    28  1   60    80.39  0.10915  0.28150  0.03727
    97  1    70  1    57  1   44   387.03  0.08881  0.08712  0.15205
    71  1    57  1    38  1   52   153.79  0.25228  0.25462  0.28707
    587    233    220
    3       30.0720304000
   119  0    34  1    28  1   39   113.29  0.25642  0.00719  0.11427
    84  1    69  1    48  1   32   278.21  0.22508  0.15988  0.08419
    97  1    82  1    78  1   27   620.41  0.19521  0.09107  0.25752
    587    233    220
    3       30.0687968000
   100  0    60  1    40  1   45   240.00  0.18967  0.13594  0.19394
    89  0    67  1    34  1   44   202.74  0.10435  0.07868  0.01863
    92  0    80  0    38  1   37   279.68  0.03595  0.15753  0.18551
    587    233    220
    3       29.9140572000
    95  0    92  0    46  1   32   402.04  0.15161  0.04623  0.08933
    65  1    60  1    40  1   32   156.00  0.30227  0.29138  0.22108
   103  1    62  1    59  1   32   376.77  0.19618  0.15060  0.18183
    587    233    220
    3       29.8859685000
    91  0    52  1    33  1   30   156.16  0.09501  0.00086  0.12094
    87  1    81  1    63  1   26   443.96  0.20602  0.23619  0.16949
   113  0    79  1    45  1   34   401.71  0.14730  0.16561  0.12869
    587    233    220
    3       30.0043642000
    86  1    65  1    57  1   66   318.63  0.05193  0.17463  0.21289
    61  1    37  1    32  1   80    72.22  0.06149  0.18327  0.17001
    39  1    33  1    27  1   92    34.75  0.04255  0.20442  0.10713
    587    233    220
    3       30.0501167000
    96  1    82  1    63  1   32   495.94  0.02338  0.06796  0.28073
    74  1    63  1    59  1   33   275.06  0.25726  0.04590  0.24812
    86  0    60  1    43  1   23   221.88  0.16228  0.16306  0.20502
    587    233    220
    3       30.0555616000
    78  0    69  1    37  1   26   199.13  0.01504  0.20681  0.27800
   115  1    90  1    58  1   37   600.30  0.30482  0.14618  0.03889
    68  0    53  0    20  1   37    72.08  0.15901  0.10833  0.14507
    587    233    220
    3       29.7912210000
    75  1    73  1    69  1   46   377.77  0.04546  0.13051  0.18198
    66  1    56  1    40  1   55   147.84  0.02973  0.20861  0.09303
    64  1    51  1    41  1   32   133.82  0.05268  0.09096  0.10224
    587    233    220
    3       29.7842711000
   101  0    69  0    20  1   50   139.38  0.17926  0.10487  0.12232
   108  0    66  1    54  1   40   384.91  0.01460  0.18847  0.08480
    74  0    62  1    33  1   49   151.40  0.04147  0.10533  0.15048
    587    233    220
    3       30.0418019000
    64  0    42  1    26  1   62    69.89  0.26476  0.13762  0.16910
    92  1    58  1    52  1   53   277.47  0.11901  0.00211  0.18307
    92  0    85  0    21  1   67   164.22  0.20667  0.04123  0.12518
    587    233    220
    3       29.9707710000
    74  0    60  1    32  1   48   142.08  0.17325  0.20970  0.15281
   100  0    50  1    43  1   50   215.00  0.11549  0.15865  0.01605
    95  0    74  1    42  1   42   295.26  0.04041  0.09658  0.11215
    587    233    220
    3       30.0880074000
   106  0    55  1    38  1   46   221.54  0.12707  0.25461  0.26421
    69  1    50  1    48  1   42   165.60  0.03502  0.03027  0.31209
   106  1    63  1    57  1   34   380.65  0.23264  0.10778  0.09226
    587    233    220
    3       30.0804793000
    51  1    46  1    44  1   64   103.22  0.22937  0.07490  0.06436
    95  0    92  1    47  1   46   410.78  0.09659  0.01899  0.07721
   116  0    39  1    23  1   44   104.05  0.25987  0.17157  0.21153
    587    233    220
    3       29.9611449000
    78  1    49  1    47  1   70   179.63  0.08910  0.10440  0.04946
    46  1    45  1    43  1   75    89.01  0.03528  0.06809  0.14731
    98  0    44  1    36  1   69   155.23  0.11404  0.16198  0.23274
