    587    233    220
   10       29.3680757000
   108  0    76  0    30  1   20   246.24  0.02824  0.16575  0.11365
   110  0    43  1    25  1   11   118.25  0.26897  0.13148  0.17733
    92  1    81  1    55  1    9   409.86  0.00902  0.33191  0.25007
    81  0    33  1    28  1    9    74.84  0.24737  0.27825  0.21347
   120  1    99  1    73  1    9   867.24  0.03681  0.25852  0.14228
   111  0    70  1    48  1   13   372.96  0.26002  0.14047  0.32586
    98  0    72  1    46  1    4   324.58  0.07571  0.29199  0.26801
    95  0    66  0    31  1   12   194.37  0.09286  0.06752  0.08617
    85  0    84  0    30  1    9   214.20  0.34896  0.23626  0.35238
    71  0    32  1    25  1   10    56.80  0.01198  0.15825  0.32711
    587    233    220
   10       29.7696858000
    49  0    25  1    21  1   13    25.73  0.25651  0.04241  0.14903
    60  1    51  1    41  1    9   125.46  0.26878  0.13019  0.15291
   103  1    76  1    64  1   11   500.99  0.00727  0.18927  0.18160
    95  1    70  1    62  1   14   412.30  0.09389  0.26908  0.18754
   111  0    49  1    26  1   13   141.41  0.17254  0.16843  0.04737
    85  1    84  1    72  1   16   514.08  0.14039  0.02311  0.01293
    48  1    36  1    31  1   12    53.57  0.05784  0.28034  0.01032
    86  0    76  0    38  1   11   248.37  0.08659  0.19261  0.11763
    71  1    48  1    47  1   16   160.18  0.01109  0.08830  0.26950
    90  0    43  1    33  1    8   127.71  0.20551  0.23739  0.00389
    587    233    220
   10       30.0349801000
    97  0    81  0    27  1    8   212.14  0.06618  0.23760  0.28683
   102  0    78  0    39  1   16   310.28  0.15443  0.06158  0.19292
   113  0    46  1    36  1   12   187.13  0.12864  0.04042  0.04444
    66  1    50  1    42  1   12   138.60  0.25889  0.29544  0.28353
   101  0    30  1    26  1   18    78.78  0.11169  0.25965  0.26222
   100  0    56  1    35  1   13   196.00  0.28464  0.21074  0.05725
    91  0    50  1    40  1   14   182.00  0.26724  0.06590  0.06878
   106  1    61  1    56  1   17   362.10  0.11030  0.18283  0.06858
   103  1    63  1    58  1   12   376.36  0.18634  0.09493  0.13073
    75  1    57  1    41  1   13   175.27  0.06714  0.12311  0.26107
    587    233    220
   10       30.0249457000
   113  0    92  0    33  1   15   343.07  0.20719  0.07383  0.16414
    52  1    37  1    28  1   17    53.87  0.09256  0.23281  0.00942
    57  1    33  1    29  1   17    54.55  0.19731  0.15514  0.22568
    99  0    37  1    30  1   19   109.89  0.13220  0.06867  0.01523
    92  0    64  1    33  1   13   194.30  0.22676  0.03392  0.14918
   119  0    59  1    39  1   19   273.82  0.05064  0.19860  0.12268
    54  1    52  1    49  1   13   137.59  0.06098  0.13361  0.02616
    75  0    45  1    35  1   21   118.13  0.02446  0.10802  0.13062
    79  1    68  1    44  1   13   236.37  0.22544  0.09099  0.11917
   116  0    49  1    47  1   22   267.15  0.22444  0.14664  0.21258
    587    233    220
   10       29.9269855000
    88  0    54  1    39  1   12   185.33  0.16262  0.11458  0.08369
    94  0    54  1    36  1   12   182.74  0.11501  0.03269  0.15228
    87  0    77  1    43  1   17   288.06  0.04542  0.11980  0.16447
   100  1    80  1    72  1   15   576.00  0.12941  0.22091  0.25178
    83  0    40  1    36  1   18   119.52  0.17004  0.10574  0.26458
    91  0    54  0    22  1    7   108.11  0.16216  0.27405  0.29455
   109  0    58  1    54  1   10   341.39  0.26339  0.21883  0.10654
    94  0    55  1    30  1   13   155.10  0.13549  0.15447  0.05088
    34  1    32  1    31  1   18    33.73  0.07708  0.04043  0.03937
    83  1    80  1    57  1    8   378.48  0.18002  0.11629  0.25153
    587    233    220
   10       29.9441933000
    86  1    84  1    45  1   18   325.08  0.17032  0.06229  0.07792
    81  0    45  1    34  1   19   123.93  0.04437  0.09968  0.04174
    70  1    54  1    37  1   13   139.86  0.16343  0.15516  0.08493
    71  1    61  1    52  1   16   225.21  0.01597  0.22184  0.12939
    78  1    73  1    40  1   10   227.76  0.11726  0.23865  0.11969
    69  1    63  1    46  1   13   199.96  0.08380  0.11525  0.19228
    72  1    67  1    56  1   10   270.14  0.16501  0.09760  0.19242
    75  0    75  0    36  1    8   202.50  0.09424  0.22046  0.02651
    94  1    88  1    50  1   12   413.60  0.00660  0.17276  0.13356
    65  1    51  1    50  1   13   165.75  0.27203  0.02405  0.14924
    587    233    220
   10       29.9719691000
   118  0    79  1    51  1   16   475.42  0.17409  0.19068  0.24682
    86  0    32  1    31  1    8    85.31  0.07809  0.00186  0.16108
    64  1    58  1    52  1   14   193.02  0.27067  0.04332  0.26658
    42  1    42  1    32  1   14    56.45  0.17456  0.26773  0.18076
    64  1    55  1    43  1   16   151.36  0.23232  0.06856  0.24219
    84  0    70  0    35  1   10   205.80  0.14216  0.08738  0.01518
    76  0    57  1    36  1   14   155.95  0.26095  0.17818  0.15948
    95  1    60  1    55  1   14   313.50  0.02591  0.19405  0.16205
    80  1    66  1    52  1   14   274.56  0.06718  0.20650  0.20490
   109  0    73  0    23  1   18   183.01  0.17724  0.11502  0.26277
    587    233    220
   10       30.0453603000
    75  1    58  1    57  1    8   247.95  0.15321  0.06822  0.25683
    57  1    37  1    30  1   11    63.27  0.04724  0.24801  0.22812
    79  0    74  0    35  1   14   204.61  0.07349  0.25937  0.29983
   104  1    99  1    74  1    8   761.90  0.06303  0.02541  0.01948
    55  1    46  1    31  1   11    78.43  0.16832  0.05049  0.29448
    99  0    98  0    33  1   15   320.17  0.06871  0.11854  0.21800
    90  1    85  1    59  1    9   451.35  0.15899  0.19409  0.12535
   115  0    74  1    44  1    7   374.44  0.10566  0.22732  0.14714
   107  0    67  0    21  1   11   150.55  0.05497  0.07927  0.27952
    81  1    76  1    55  1   13   338.58  0.19064  0.14253  0.23640
    587    233    220
   10       29.8449605000
    90  1    70  1    63  1    4   396.90  0.15202  0.07760  0.00831
    84  0    78  0    28  1   15   183.46  0.05208  0.23350  0.10047
    94  0    85  0    39  1   16   311.61  0.27403  0.19740  0.18339
    80  1    76  1    54  1   16   328.32  0.20630  0.09683  0.24592
    69  1    50  1    45  1   10   155.25  0.18255  0.21094  0.25190
    70  1    57  1    37  1   17   147.63  0.04736  0.25250  0.26827
    94  1    61  1    54  1   15   309.64  0.22224  0.02595  0.10284
    92  0    44  1    29  1   20   117.39  0.11699  0.07483  0.16864
    72  1    53  1    37  1   13   141.19  0.17404  0.19679  0.15381
    89  0    43  1    27  1   23   103.33  0.24589  0.18872  0.16132
    587    233    220
   10       29.7374367000
    68  0    66  0    31  1   11   139.13  0.17471  0.28939  0.23143
   120  0    34  1    26  1   14   106.08  0.04954  0.04367  0.21566
    95  1    76  1    60  1   17   433.20  0.00784  0.17152  0.28338
    61  1    47  1    34  1   12    97.48  0.20382  0.27058  0.16874
    53  1    45  1    36  1   11    85.86  0.02118  0.14326  0.17088
    80  1    52  1    42  1   12   174.72  0.16267  0.15040  0.15459
   109  0    63  0    28  1   11   192.28  0.28272  0.10775  0.30374
    74  0    64  1    35  1   12   165.76  0.26962  0.28487  0.18121
    53  1    40  1    36  1   16    76.32  0.20284  0.25017  0.14370
   102  1    96  1    59  1   17   577.73  0.14310  0.21013  0.15427
    587    233    220
   10       29.8800349000
    74  1    63  1    61  1   13   284.38  0.31743  0.28364  0.08286
    71  0    60  0    25  1   12   106.50  0.02580  0.12756  0.30860
   106  1    80  1    59  1   11   500.32  0.07287  0.12989  0.03596
   109  0    76  1    42  1    6   347.93  0.12912  0.11575  0.28346
   118  0    56  0    22  1   15   145.38  0.23407  0.04594  0.03987
   105  0    67  1    43  1   17   302.51  0.04562  0.28173  0.31501
    72  1    65  1    37  1   14   173.16  0.02714  0.11924  0.31136
    84  1    59  1    54  1   19   267.62  0.27785  0.01982  0.14116
    91  0    69  0    26  1   13   163.25  0.23380  0.26024  0.16522
    69  0    31  1    28  1    6    59.89  0.05000  0.12909  0.28308
    587    233    220
   10       30.0193279000
    95  1    80  1    57  1    8   433.20  0.10951  0.22320  0.05232
   112  0    87  0    23  1   15   224.11  0.30197  0.15172  0.04915
   116  0    41  1    40  1   12   190.24  0.19436  0.11540  0.03989
    98  1    80  1    56  1   15   439.04  0.02586  0.13167  0.06300
   108  1    60  1    59  1    8   382.32  0.04004  0.01794  0.18398
    82  1    77  1    67  1    9   423.04  0.28036  0.01436  0.29220
    67  1    46  1    36  1    8   110.95  0.17956  0.07970  0.09086
   104  0    72  1    44  1   11   329.47  0.01807  0.18342  0.20738
    89  0    56  0    24  1   17   119.62  0.24863  0.08532  0.22363
    64  1    36  1    36  1   11    82.94  0.11690  0.03428  0.03142
    587    233    220
   10       29.9893498000
    52  0    36  1    25  1   27    46.80  0.25841  0.08033  0.03336
    63  0    37  1    21  1   13    48.95  0.09827  0.03376  0.11457
   100  0    61  1    36  1   16   219.60  0.13924  0.17437  0.01155
    79  0    52  1    36  1   18   147.89  0.04953  0.09038  0.26282
    99  0    63  1    36  1   13   224.53  0.26773  0.24733  0.26104
    97  0    49  1    30  1   12   142.59  0.07877  0.13129  0.10789
    90  1    69  1    55  1   16   341.55  0.21644  0.20167  0.14536
    91  0    33  1    28  1   14    84.08  0.15980  0.12049  0.06092
   111  0    76  1    41  1   24   345.88  0.00846  0.11685  0.11178
    95  0    44  1    35  1   16   146.30  0.21363  0.05886  0.23422
    587    233    220
   10       29.8889607000
    68  0    48  1    31  1   10   101.18  0.03278  0.29800  0.27464
   104  1    80  1    63  1   16   524.16  0.19290  0.30381  0.13567
    82  0    46  0    21  1    8    79.21  0.16504  0.21275  0.07476
   114  1    78  1    60  1    7   533.52  0.03124  0.01807  0.04829
    90  1    74  1    66  1   11   439.56  0.12220  0.05854  0.32757
   112  0    54  1    36  1    9   217.73  0.28007  0.19232  0.02550
    71  1    64  1    54  1    8   245.38  0.31797  0.08900  0.18361
    74  0    53  1    33  1   12   129.43  0.12802  0.13070  0.06240
    75  1    62  1    57  1   12   265.05  0.14831  0.11309  0.26153
    68  1    62  1    52  1   12   219.23  0.06986  0.31499  0.21037
    587    233    220
   10       29.9573332000
   100  0    44  1    37  1    6   162.80  0.00134  0.23130  0.06258
    90  1    78  1    55  1   10   386.10  0.11959  0.13415  0.02287
    65  1    57  1    42  1    9   155.61  0.20426  0.17059  0.03977
    85  0    58  1    41  1    9   202.13  0.29404  0.30659  0.03178
    81  1    69  1    50  1   10   279.45  0.14297  0.17956  0.31654
    84  1    78  1    51  1   12   334.15  0.07679  0.20636  0.18637
   109  1    73  1    73  1   16   580.86  0.00740  0.11800  0.30360
    73  1    58  1    52  1    9   220.17  0.05409  0.01644  0.27949
    73  1    49  1    40  1   11   143.08  0.06119  0.06805  0.16340
   120  0    60  1    39  1    8   280.80  0.17840  0.16015  0.07123
    587    233    220
   10       29.9946427000
    43  1    40  1    39  1   16    67.08  0.23564  0.19503  0.25068
    97  0    76  1    40  1   13   294.88  0.06079  0.26010  0.13791
    67  1    63  1    47  1   11   198.39  0.19928  0.23856  0.14092
    98  0    57  1    38  1   14   212.27  0.11889  0.18901  0.05438
    73  0    71  0    27  1    9   139.94  0.23372  0.07674  0.09418
    66  1    56  1    41  1   14   151.54  0.25879  0.00796  0.18120
    82  1    75  1    72  1   13   442.80  0.24956  0.19489  0.08803
    93  0    71  1    43  1   19   283.93  0.05993  0.01087  0.24366
    95  0    35  1    28  1   21    93.10  0.01084  0.25971  0.19521
    88  1    72  1    68  1    8   430.85  0.22509  0.22926  0.08429
    587    233    220
   10       29.6576321000
    72  0    49  1    35  1    9   123.48  0.11272  0.29706  0.01935
    75  1    66  1    47  1   11   232.65  0.28260  0.11313  0.30195
    78  0    30  1    22  1    8    51.48  0.12486  0.12179  0.26848
   119  1    79  1    79  1    9   742.68  0.14845  0.27644  0.16444
    76  1    65  1    62  1   11   306.28  0.18873  0.34105  0.00648
   119  1    81  1    65  1   14   626.53  0.04686  0.34237  0.08452
    91  0    77  0    36  1   11   252.25  0.32877  0.00691  0.11653
   113  0    89  0    27  1    4   271.54  0.02411  0.07502  0.25752
    98  0    59  1    44  1    5   254.41  0.21376  0.21806  0.35529
    76  1    55  1    43  1    9   179.74  0.25902  0.05961  0.05264
    587    233    220
   10       29.5085042000
   104  0    55  1    30  1    9   171.60  0.14959  0.13006  0.33273
    92  1    89  1    73  1    8   597.72  0.14025  0.06620  0.06827
    88  0    88  0    43  1    9   332.99  0.22277  0.08781  0.24827
    90  1    60  1    60  1    7   324.00  0.27871  0.21694  0.14049
    79  1    53  1    41  1    6   171.67  0.09477  0.20746  0.15732
    96  0    91  0    28  1    5   244.61  0.00434  0.21242  0.09019
   100  1    90  1    79  1    9   711.00  0.25593  0.26688  0.03678
    73  0    42  1    32  1    9    98.11  0.28872  0.15157  0.03281
   115  1    85  1    60  1    7   586.50  0.15563  0.21448  0.27871
   113  1    83  1    76  1    6   712.80  0.20536  0.03799  0.25111
    587    233    220
   10       29.7603517000
    60  0    45  1    26  1   15    70.20  0.29299  0.02830  0.19129
    71  1    43  1    39  1   11   119.07  0.26206  0.19150  0.24991
    99  1    71  1    64  1   11   449.86  0.10590  0.24379  0.01978
    61  1    41  1    40  1   11   100.04  0.11770  0.09152  0.01878
    83  1    79  1    43  1   10   281.95  0.17088  0.28929  0.25515
    63  1    52  1    35  1   17   114.66  0.14080  0.17958  0.16753
    54  0    33  1    20  1   13    35.64  0.18470  0.23044  0.17564
    62  1    57  1    51  1   17   180.23  0.17989  0.24590  0.01220
    79  1    76  1    71  1   19   426.28  0.09192  0.21883  0.12264
    91  1    81  1    48  1   14   353.81  0.07807  0.20494  0.03516
    587    233    220
   10       30.0547540000
    97  1    77  1    66  1   10   492.95  0.06232  0.06079  0.02902
    81  1    69  1    69  1   21   385.64  0.25161  0.27581  0.25913
   109  0    53  0    24  1   12   138.65  0.03684  0.16806  0.20708
    98  0    33  1    20  1   15    64.68  0.24411  0.00455  0.23436
    86  0    56  1    34  1   14   163.74  0.25274  0.00772  0.18585
    76  0    50  1    35  1   12   133.00  0.03768  0.15229  0.14959
   109  0    42  1    22  1   19   100.72  0.22944  0.19712  0.21299
    82  1    69  1    42  1    6   237.64  0.12324  0.02341  0.01910
    58  1    43  1    31  1   14    77.31  0.09346  0.18549  0.11628
    99  0    80  1    48  1   16   380.16  0.28049  0.01496  0.07541
    587    233    220
   10       29.9442797000
   109  1    93  1    72  1    6   729.86  0.07456  0.10683  0.18648
    95  0    67  0    32  1   13   203.68  0.27657  0.04295  0.25479
   119  0    45  1    36  1   13   192.78  0.19146  0.25633  0.29580
    95  1    78  1    62  1   10   459.42  0.13228  0.24480  0.07697
   116  0    89  0    32  1   13   330.37  0.08239  0.17200  0.10907
    98  0    65  1    38  1   16   242.06  0.30178  0.27237  0.09307
    72  0    51  0    24  1    8    88.13  0.15679  0.25625  0.25721
   102  0    88  0    26  1   10   233.38  0.29543  0.12591  0.12366
    99  0    47  1    44  1   10   204.73  0.01606  0.10889  0.25301
   106  0    52  1    31  1   15   170.87  0.10368  0.02763  0.01771
    587    233    220
   10       30.0333619000
    89  1    78  1    50  1    9   347.10  0.12704  0.04558  0.27433
    73  1    65  1    46  1   10   218.27  0.03329  0.16175  0.01913
    94  0    66  1    39  1    5   241.96  0.01858  0.31254  0.05795
    66  1    59  1    42  1   11   163.55  0.22102  0.12306  0.27994
   106  1    93  1    70  1   18   690.06  0.10478  0.21482  0.28830
    80  1    71  1    62  1   16   352.16  0.11999  0.21923  0.20379
    60  0    36  1    26  1    7    56.16  0.22484  0.15141  0.06870
    72  0    31  1    31  1   14    69.19  0.25584  0.19753  0.30335
    63  0    63  0    31  1   16   123.04  0.17592  0.18671  0.04034
    74  0    39  1    23  1    5    66.38  0.02557  0.14369  0.10767
    587    233    220
   10       29.3081343000
    84  0    81  0    23  1    7   156.49  0.30617  0.33504  0.23047
   115  1    72  1    64  1   19   529.92  0.34529  0.09499  0.00618
    77  0    49  1    25  1    8    94.32  0.20904  0.30542  0.23047
    40  1    37  1    22  1    7    32.56  0.09593  0.20608  0.34908
    97  0    96  0    46  1    7   428.35  0.09369  0.00499  0.33930
    95  0    43  1    25  1    8   102.13  0.06839  0.34740  0.24449
    90  0    69  0    28  1   13   173.88  0.19471  0.09596  0.29533
    56  1    51  1    49  1    8   139.94  0.20719  0.28481  0.35048
   118  1    93  1    80  1   10   877.92  0.30303  0.09008  0.21327
    56  1    47  1    41  1   11   107.91  0.20455  0.17796  0.30189
    587    233    220
   10       30.0749510000
   113  0    80  0    29  1   15   262.16  0.18726  0.04291  0.20687
    98  1    65  1    62  1   10   394.94  0.14048  0.29075  0.22322
    60  1    59  1    46  1   16   162.84  0.11197  0.00782  0.10486
   100  1    97  1    64  1    5   620.80  0.18639  0.29186  0.28854
    99  0    88  0    23  1   15   200.38  0.24759  0.21763  0.13390
   106  0    49  1    33  1   11   171.40  0.20888  0.08913  0.06866
    78  0    54  1    30  1   17   126.36  0.10808  0.02484  0.25161
    71  1    68  1    41  1   10   197.95  0.00639  0.07106  0.24176
    83  0    80  0    35  1   22   232.40  0.07138  0.02707  0.19757
    99  0    55  0    27  1   16   147.01  0.16063  0.28397  0.01781
    587    233    220
   10       29.9616694000
    75  0    54  1    35  1   17   141.75  0.03129  0.10670  0.11757
   107  0    60  1    49  1   17   314.58  0.04527  0.08726  0.04079
    70  1    67  1    42  1   10   196.98  0.18917  0.00774  0.04365
    78  1    71  1    44  1   13   243.67  0.22556  0.11223  0.13104
    78  0    61  0    27  1   10   128.47  0.15333  0.03094  0.06743
    78  1    73  1    48  1   15   273.31  0.11525  0.18198  0.22358
   109  0    87  0    32  1   13   303.46  0.07975  0.20211  0.10804
    91  0    87  0    25  1   14   197.93  0.17636  0.07476  0.22815
    67  1    51  1    47  1   12   160.60  0.19919  0.02511  0.08496
    67  1    63  1    60  1   12   253.26  0.09394  0.06489  0.19805
    587    233    220
   10       30.0588637000
    86  0    71  1    41  1   18   250.35  0.05914  0.14973  0.30510
    75  1    58  1    58  1   21   252.30  0.09691  0.18438  0.25315
   100  0    81  0    27  1   15   218.70  0.30123  0.06734  0.18577
    59  0    42  1    24  1   17    59.47  0.19878  0.02373  0.19347
    69  0    37  1    30  1   18    76.59  0.05084  0.12628  0.03162
    63  1    50  1    36  1   10   113.40  0.23733  0.16383  0.05177
    96  0    72  0    34  1   15   235.01  0.12573  0.15511  0.12867
   111  0    71  0    29  1   13   228.55  0.02031  0.15570  0.01281
   102  1    67  1    53  1   16   362.20  0.17994  0.00296  0.19180
    71  0    34  1    32  1   15    77.25  0.12934  0.27408  0.00988
    587    233    220
   10       29.7305226000
   118  0    66  1    47  1   11   366.04  0.06695  0.08224  0.13641
    99  0    56  0    25  1   15   138.60  0.25727  0.32352  0.10513
    91  1    83  1    48  1   13   362.54  0.08905  0.00142  0.17167
   104  0    66  1    40  1    9   274.56  0.06012  0.21287  0.23460
    75  0    60  1    33  1   14   148.50  0.29599  0.14567  0.27417
   113  1    78  1    60  1   13   528.84  0.26804  0.27185  0.20261
    36  1    36  1    29  1   14    37.58  0.29501  0.08032  0.01564
    56  1    48  1    40  1    8   107.52  0.05518  0.21060  0.13683
    67  0    40  1    22  1   10    58.96  0.23469  0.21282  0.09043
    92  1    78  1    64  1   12   459.26  0.05224  0.31148  0.18780
    587    233    220
   10       30.0501644000
    62  1    59  1    52  1   23   190.22  0.20022  0.09113  0.05927
    54  1    52  1    50  1   11   140.40  0.06921  0.12537  0.25153
   102  1    69  1    65  1    9   457.47  0.01518  0.16450  0.26390
    97  0    76  1    46  1   16   339.11  0.23111  0.17342  0.06206
    52  1    50  1    37  1   20    96.20  0.11489  0.11797  0.17903
    93  0    85  0    23  1   13   181.82  0.02233  0.13169  0.00503
    90  0    38  1    38  1   25   129.96  0.05043  0.25934  0.28537
    66  1    60  1    40  1   17   158.40  0.26466  0.16834  0.25041
    38  1    31  1    26  1   21    30.63  0.18112  0.07536  0.00561
    86  0    60  1    36  1   20   185.76  0.00225  0.19867  0.26958
    587    233    220
   10       30.0099283000
    91  1    58  1    57  1   12   300.85  0.29496  0.28035  0.06949
    92  1    78  1    53  1   13   380.33  0.34635  0.26053  0.02823
   112  0    48  1    28  1   10   150.53  0.17126  0.04438  0.03589
    78  0    47  1    26  1   11    95.32  0.00066  0.13013  0.10604
    41  1    40  1    28  1   17    45.92  0.10048  0.10352  0.01982
    57  1    47  1    32  1   12    85.73  0.29854  0.32038  0.24624
    54  1    47  1    40  1   11   101.52  0.31089  0.06229  0.19451
    85  0    80  0    25  1   18   170.00  0.21786  0.20793  0.30994
    89  1    86  1    54  1   13   413.32  0.32520  0.18885  0.04252
   118  1    94  1    68  1   10   754.26  0.30198  0.05539  0.19249
    587    233    220
   10       30.0403237000
    64  0    53  1    32  1   16   108.54  0.26588  0.22920  0.09311
    51  1    42  1    28  1   14    59.98  0.12357  0.03783  0.14255
    49  1    32  1    30  1   18    47.04  0.29890  0.17567  0.32512
   109  1    68  1    59  1   17   437.31  0.12406  0.15506  0.20507
    66  0    43  1    32  1   11    90.82  0.05385  0.28855  0.25082
   120  0    71  1    47  1   16   400.44  0.22975  0.12483  0.31278
   109  0    57  1    41  1   17   254.73  0.07345  0.01596  0.08858
   100  0    70  0    28  1   16   196.00  0.28426  0.09269  0.08563
    76  1    70  1    51  1   11   271.32  0.04561  0.06041  0.28791
    85  0    40  1    26  1   15    88.40  0.01042  0.24624  0.04419
    587    233    220
   10       30.0627321000
    70  1    63  1    49  1   15   216.09  0.12340  0.04986  0.04538
    84  1    54  1    49  1   17   222.26  0.17058  0.12403  0.08456
    89  0    70  1    42  1   11   261.66  0.17830  0.21883  0.11323
    80  0    48  1    39  1   15   149.76  0.22749  0.01888  0.08269
   114  0    47  1    42  1   16   225.04  0.23351  0.15705  0.03036
    92  0    62  1    34  1   11   193.94  0.24570  0.12942  0.09659
    72  1    66  1    43  1   18   204.34  0.18876  0.02694  0.22775
   120  0    55  1    46  1   15   303.60  0.24607  0.07932  0.10742
   106  0    62  0    25  1   13   164.30  0.03092  0.06791  0.24833
    72  0    53  1    34  1   14   129.74  0.07832  0.10343  0.04876
    587    233    220
   10       29.9142122000
    95  0    76  1    44  1   14   317.68  0.05288  0.22540  0.17020
    81  0    47  1    34  1   20   129.44  0.05921  0.13694  0.13270
    71  0    52  1    30  1   18   110.76  0.03346  0.08001  0.07954
    96  0    52  1    28  1   11   139.78  0.00973  0.06008  0.05947
   104  0    80  1    50  1   13   416.00  0.21504  0.00499  0.11763
    77  1    64  1    57  1   19   280.90  0.16800  0.18055  0.12898
    75  0    45  1    36  1   23   121.50  0.03002  0.14991  0.01720
    65  1    49  1    39  1   15   124.21  0.13614  0.20102  0.02313
    70  1    49  1    41  1   12   140.63  0.10758  0.01561  0.10479
   111  0    44  1    42  1   11   205.13  0.13630  0.00293  0.20517
    587    233    220
   10       30.0245642000
    40  1    36  1    21  1   12    30.24  0.12992  0.28518  0.27181
    76  0    45  1    31  1   11   106.02  0.23952  0.27712  0.12391
    63  1    54  1    51  1   14   173.50  0.14526  0.25966  0.18871
   114  1    77  1    69  1   15   605.68  0.31650  0.24718  0.11301
    95  1    57  1    53  1   15   286.99  0.28427  0.03460  0.07514
    92  0    36  1    20  1   11    66.24  0.27727  0.25251  0.13578
    90  1    84  1    47  1   17   355.32  0.27209  0.16979  0.06951
    84  0    69  0    24  1   12   139.10  0.26626  0.32572  0.33974
    57  1    35  1    35  1   14    69.82  0.03848  0.32549  0.27195
    78  1    76  1    50  1   11   296.40  0.12755  0.05683  0.20257
    587    233    220
   10       29.9699485000
    68  0    35  1    27  1   13    64.26  0.00364  0.03263  0.13408
   118  0    57  1    43  1    9   289.22  0.25816  0.03429  0.04198
    73  0    72  0    36  1   15   189.22  0.27713  0.12842  0.10734
    85  1    58  1    50  1   14   246.50  0.11963  0.21481  0.03705
    86  0    56  1    33  1   14   158.93  0.07911  0.10274  0.00753
    99  0    44  1    31  1    9   135.04  0.11493  0.10898  0.27729
    93  1    54  1    49  1   18   246.08  0.14031  0.28008  0.00138
    89  0    69  0    26  1   14   159.67  0.28350  0.25906  0.14676
    98  1    90  1    74  1   12   652.68  0.22395  0.18571  0.19161
    58  1    48  1    46  1   18   128.06  0.14762  0.22944  0.09232
    587    233    220
   10       29.9357771000
   100  0    33  1    31  1    8   102.30  0.06507  0.12269  0.02457
    84  0    68  1    42  1   15   239.90  0.00047  0.20791  0.20449
    95  0    84  0    31  1   15   247.38  0.22272  0.22051  0.14259
    57  1    39  1    30  1   15    66.69  0.08147  0.15300  0.09299
    76  1    71  1    60  1   22   323.76  0.01971  0.00112  0.10278
    71  1    68  1    46  1   18   222.09  0.01640  0.01069  0.06959
   109  0    51  1    26  1   16   144.53  0.16304  0.03469  0.19235
   109  0    54  1    45  1   13   264.87  0.01750  0.20937  0.20975
    84  0    55  1    29  1   15   133.98  0.19434  0.09167  0.13621
   104  0    66  0    20  1   14   137.28  0.01051  0.02539  0.09530
    587    233    220
   10       30.0478637000
    41  1    39  1    26  1   17    41.57  0.09134  0.12673  0.12367
   110  0    40  1    34  1   13   149.60  0.10596  0.23190  0.14872
    94  1    77  1    52  1   11   376.38  0.21718  0.18516  0.04134
   119  1    96  1    71  1    9   811.10  0.08793  0.20617  0.13649
    67  1    63  1    47  1   20   198.39  0.23188  0.15455  0.00656
    61  1    43  1    31  1   15    81.31  0.26865  0.27013  0.11800
    72  0    53  1    35  1   12   133.56  0.09077  0.17337  0.06421
    64  1    38  1    38  1    6    92.42  0.25188  0.09723  0.18811
   110  0    71  1    45  1   13   351.45  0.31099  0.28170  0.35322
    73  1    71  1    52  1   15   269.52  0.01896  0.26834  0.34019
    587    233    220
   10       29.7309666000
    98  0    73  1    44  1   10   314.78  0.19674  0.11353  0.17489
    60  1    60  1    38  1   17   136.80  0.07462  0.25794  0.25277
   105  1    73  1    60  1   11   459.90  0.19149  0.24037  0.30745
    90  1    77  1    52  1   15   360.36  0.10307  0.08378  0.02289
    66  0    58  0    24  1   19    91.87  0.27388  0.06573  0.22758
   106  1    76  1    55  1   13   443.08  0.02363  0.27761  0.13895
    55  1    44  1    36  1   14    87.12  0.01646  0.26405  0.21664
    82  0    58  0    23  1   12   109.39  0.00063  0.04423  0.27917
    74  1    61  1    58  1   10   261.81  0.17443  0.23844  0.29261
    81  0    39  1    24  1   15    75.82  0.08114  0.14434  0.23031
    587    233    220
   10       29.9846738000
   104  0    94  1    50  1    8   488.80  0.12231  0.26133  0.13406
   102  0    87  0    36  1   21   319.46  0.17637  0.18364  0.13015
   115  0    42  1    33  1    9   159.39  0.01055  0.14312  0.03753
    61  1    58  1    32  1    9   113.22  0.14730  0.18800  0.11154
    70  1    62  1    48  1   16   208.32  0.08842  0.16227  0.07388
    91  1    79  1    78  1    5   560.74  0.22320  0.03454  0.00147
    90  1    57  1    53  1   10   271.89  0.00624  0.18377  0.27618
    78  0    68  0    25  1   12   132.60  0.23885  0.03076  0.16915
    77  1    44  1    39  1   16   132.13  0.10287  0.10941  0.00356
    97  1    89  1    56  1    9   483.45  0.23921  0.25091  0.14571
    587    233    220
   10       30.0681382000
    89  1    56  1    45  1   29   224.28  0.18873  0.24106  0.23404
    53  1    37  1    34  1   23    66.67  0.08730  0.07257  0.23591
    54  0    35  1    25  1   23    47.25  0.03699  0.10137  0.04918
    73  0    39  1    33  1   27    93.95  0.01097  0.20870  0.10989
    73  1    39  1    38  1   22   108.19  0.02190  0.16696  0.14350
    50  1    42  1    29  1   14    60.90  0.24727  0.26462  0.06781
    62  1    59  1    54  1   24   197.53  0.15317  0.11568  0.18509
    98  0    53  1    44  1   20   228.54  0.07384  0.04095  0.18866
    94  0    32  1    31  1   20    93.25  0.17276  0.24452  0.01145
    97  0    64  0    28  1   23   173.82  0.21261  0.10120  0.16207
    587    233    220
   10       30.0179868000
    85  1    77  1    62  1    8   405.79  0.18044  0.29240  0.23444
    94  0    63  1    32  1    7   189.50  0.13690  0.14812  0.15819
    83  1    75  1    45  1    9   280.13  0.01969  0.05532  0.14893
    95  1    95  1    54  1   10   487.35  0.14986  0.26443  0.26304
    76  0    76  0    30  1   16   173.28  0.28665  0.25410  0.28440
   113  0    66  1    44  1    8   328.15  0.28705  0.10012  0.14165
   108  1    71  1    61  1   10   467.75  0.21588  0.07855  0.14362
   118  0    62  1    37  1   16   270.69  0.31716  0.11665  0.32027
    93  1    58  1    48  1   13   258.91  0.20544  0.20433  0.05581
    60  0    32  1    29  1    5    55.68  0.26640  0.01729  0.31802
    587    233    220
   10       30.0022035000
   109  1    80  1    68  1    8   592.96  0.04869  0.26040  0.33045
    90  0    45  1    31  1   14   125.55  0.12574  0.03372  0.05488
    66  1    56  1    34  1   14   125.66  0.28736  0.26532  0.28916
    76  0    66  1    34  1    9   170.54  0.14329  0.30912  0.09813
   111  0    80  1    53  1   15   470.64  0.22562  0.25973  0.27156
    86  0    59  0    29  1   14   147.15  0.16400  0.20739  0.23822
    80  1    72  1    63  1   11   362.88  0.31223  0.33521  0.18263
    81  0    47  0    22  1    8    83.75  0.04568  0.30721  0.14607
   114  1    80  1    64  1    9   583.68  0.12029  0.23091  0.24284
    90  0    37  1    32  1   11   106.56  0.02411  0.22720  0.16471
    587    233    220
   10       30.0339341000
    76  1    74  1    50  1   17   281.20  0.13323  0.11723  0.24616
    86  0    40  1    29  1   11    99.76  0.06352  0.09829  0.26279
    66  1    55  1    48  1   10   174.24  0.28436  0.23369  0.11600
    75  0    57  1    37  1    9   158.18  0.10090  0.25078  0.09064
   102  0    83  0    29  1   10   245.51  0.11034  0.08937  0.16276
    74  1    58  1    52  1   15   223.18  0.18687  0.02982  0.20982
    89  0    65  1    36  1   16   208.26  0.24619  0.18869  0.26186
    99  1    68  1    67  1   12   451.04  0.20833  0.08543  0.18899
    80  1    78  1    66  1   12   411.84  0.25328  0.24299  0.19263
    65  1    57  1    45  1    9   166.73  0.15293  0.28772  0.25713
    587    233    220
   10       29.9881666000
    82  1    80  1    71  1   11   465.76  0.14199  0.03373  0.29241
    66  0    37  1    27  1    4    65.93  0.27417  0.09483  0.24986
    77  0    76  0    31  1    4   181.41  0.18048  0.19966  0.27752
   100  0    56  1    38  1    8   212.80  0.27276  0.22591  0.18978
    93  1    86  1    67  1   12   535.87  0.28247  0.19018  0.01211
    89  0    76  0    30  1    6   202.92  0.10138  0.21082  0.18941
    98  1    90  1    67  1   16   590.94  0.21564  0.05977  0.02420
    87  0    52  1    42  1   11   190.01  0.09007  0.07691  0.23620
    53  1    42  1    35  1    7    77.91  0.15134  0.09707  0.10213
   116  0    53  1    36  1   11   221.33  0.15402  0.25383  0.19002
    587    233    220
   10       30.0242722000
   114  0    67  0    25  1   20   190.95  0.19150  0.01659  0.19048
    92  0    79  0    25  1   15   181.70  0.07879  0.03515  0.12459
    89  0    87  0    36  1   19   278.75  0.17533  0.11560  0.20917
    95  0    71  1    36  1   14   242.82  0.06952  0.14351  0.21752
    90  0    83  1    43  1   12   321.21  0.08112  0.08354  0.01122
    93  0    39  1    28  1   12   101.56  0.14671  0.18068  0.13571
    69  0    54  1    31  1   16   115.51  0.23072  0.02238  0.18451
   107  0    61  1    37  1   13   241.50  0.18962  0.17869  0.00633
    98  0    52  1    40  1    8   203.84  0.05309  0.08606  0.00632
    83  1    69  1    60  1    9   343.62  0.16969  0.13365  0.11060
    587    233    220
   10       30.0864964000
    63  0    55  1    31  1   12   107.42  0.24065  0.25833  0.09114
   120  0    43  1    23  1   12   118.68  0.01885  0.28208  0.27063
    97  1    72  1    57  1   22   398.09  0.07272  0.23810  0.23590
    77  1    76  1    42  1   22   245.78  0.10977  0.00076  0.20253
    93  0    74  0    20  1   11   137.64  0.10440  0.28784  0.14307
    65  1    63  1    43  1   16   176.09  0.05470  0.06872  0.08092
   108  0    71  1    40  1   11   306.72  0.24349  0.00913  0.02171
    79  0    36  1    21  1   14    59.72  0.24094  0.28626  0.03356
    68  0    62  0    26  1   19   109.62  0.03161  0.17774  0.10104
    68  1    50  1    40  1   19   136.00  0.23027  0.09111  0.08511
    587    233    220
   10       30.0507843000
    86  0    58  1    36  1    8   179.57  0.06730  0.00816  0.12623
    71  0    69  0    22  1    9   107.78  0.24395  0.11924  0.12795
   108  0    78  1    54  1   12   454.90  0.11733  0.08736  0.31947
   104  1    58  1    57  1   10   343.82  0.26167  0.13281  0.07714
    96  1    65  1    58  1   13   361.92  0.23052  0.04912  0.23121
    58  0    37  1    26  1    9    55.80  0.25994  0.04733  0.28649
    73  1    72  1    49  1    5   257.54  0.26716  0.05291  0.13660
    98  1    67  1    56  1   13   367.70  0.27975  0.10574  0.28152
   117  0    89  0    23  1   11   239.50  0.09731  0.17289  0.30134
   109  1    76  1    73  1    8   604.73  0.00516  0.12632  0.19982
    587    233    220
   10       29.9468874000
   118  0    54  1    42  1   12   267.62  0.21748  0.10664  0.11580
   112  0    95  0    20  1   14   212.80  0.24407  0.20178  0.20650
   118  0    38  1    37  1   17   165.91  0.07707  0.09613  0.09395
    76  0    38  1    38  1   13   109.74  0.05674  0.04247  0.18417
   100  0    56  1    34  1   14   190.40  0.00399  0.00476  0.13794
   100  0    73  1    50  1   17   365.00  0.02092  0.07563  0.10652
    75  0    58  1    36  1   10   156.60  0.15199  0.03215  0.25173
    76  1    51  1    41  1   16   158.92  0.03533  0.12710  0.03617
    82  0    75  1    39  1   12   239.85  0.12138  0.02487  0.17612
    84  1    76  1    44  1   13   280.90  0.02311  0.09031  0.06131
    587    233    220
   10       29.7944575000
    59  1    49  1    48  1    5   138.77  0.06956  0.21241  0.10245
    79  1    63  1    46  1   10   228.94  0.09109  0.12310  0.24248
    95  0    58  1    38  1   10   209.38  0.06482  0.21512  0.15851
    95  0    79  1    47  1   11   352.73  0.03257  0.17863  0.14645
    72  0    46  1    27  1   11    89.42  0.01811  0.06724  0.10223
    88  1    74  1    72  1   10   468.86  0.20935  0.09672  0.17200
    90  1    77  1    67  1   16   464.31  0.25322  0.17027  0.02582
    96  0    59  1    36  1   13   203.90  0.05368  0.11688  0.06896
    62  1    55  1    46  1   13   156.86  0.10709  0.08236  0.12055
    92  0    77  1    43  1   10   304.61  0.22729  0.15997  0.24146
    587    233    220
   10       29.6153604000
    91  0    54  1    45  1   13   221.13  0.07745  0.31268  0.02578
   105  1    77  1    72  1    8   582.12  0.08779  0.10713  0.32506
    79  1    78  1    48  1   14   295.78  0.04988  0.25717  0.25335
   109  1    76  1    59  1    5   488.76  0.13801  0.09372  0.26151
    48  1    37  1    30  1   11    53.28  0.31788  0.02114  0.21317
    44  1    37  1    27  1   12    43.96  0.21914  0.07349  0.09928
    79  1    76  1    54  1    6   324.22  0.22964  0.00963  0.24931
   116  0    78  0    20  1   12   180.96  0.03311  0.30670  0.28770
   101  0    71  1    49  1   15   351.38  0.27533  0.11912  0.18980
   102  0   100  0    49  1   10   499.80  0.07657  0.15446  0.03146
    587    233    220
   10       29.8883885000
    60  1    40  1    32  1   13    76.80  0.01246  0.10328  0.05481
    98  1    75  1    55  1   17   404.25  0.13586  0.16520  0.20554
    60  1    59  1    39  1   27   138.06  0.24190  0.26292  0.29134
    81  0    56  1    40  1   17   181.44  0.01590  0.22001  0.02612
   119  0    34  1    25  1    9   101.15  0.05477  0.07837  0.03959
   107  0    61  1    42  1   10   274.13  0.28884  0.07134  0.04951
   108  0    85  0    20  1   19   183.60  0.04453  0.17077  0.04423
    97  0    66  1    45  1   22   288.09  0.11431  0.25093  0.01331
    66  0    35  1    26  1   17    60.06  0.21767  0.13023  0.20401
    69  0    32  1    20  1   16    44.16  0.15360  0.24300  0.10965
    587    233    220
   10       29.9726039000
    66  1    64  1    36  1   12   152.06  0.21319  0.06504  0.06821
    97  1    73  1    49  1   19   346.97  0.09371  0.08673  0.13288
    69  1    60  1    43  1   25   178.02  0.15831  0.02114  0.28004
    52  0    37  1    20  1   16    38.48  0.01052  0.12128  0.17298
   109  0    63  1    37  1   23   254.08  0.16816  0.15308  0.02220
    79  0    57  0    24  1   21   108.07  0.03552  0.08417  0.02893
    95  0    72  0    22  1   20   150.48  0.04535  0.13047  0.12069
    65  1    50  1    39  1   16   126.75  0.15214  0.28301  0.17559
    98  0    42  1    30  1   19   123.48  0.04751  0.28679  0.01368
    53  1    40  1    36  1   13    76.32  0.08134  0.20387  0.19262
    587    233    220
   10       30.0344377000
    96  0    72  0    31  1   12   214.27  0.12012  0.33357  0.31127
    75  1    72  1    47  1   16   253.80  0.31721  0.27419  0.28119
    80  0    25  1    20  1   17    40.00  0.16857  0.05674  0.16799
   114  1    94  1    61  1   10   653.68  0.13153  0.30987  0.31612
   100  0    40  1    39  1   15   156.00  0.07486  0.02192  0.06510
    72  1    51  1    48  1   13   176.26  0.14667  0.26381  0.16495
    36  1    28  1    24  1   12    24.19  0.11642  0.08974  0.00700
    85  0    58  1    35  1   18   172.55  0.28091  0.26520  0.24888
    85  1    84  1    58  1   16   414.12  0.31069  0.09944  0.33606
    95  0    48  0    24  1   14   109.44  0.30897  0.33892  0.19907
    587    233    220
   10       29.9137502000
    78  0    37  1    27  1   11    77.92  0.33535  0.10499  0.15786
    89  0    70  0    25  1   17   155.75  0.26215  0.02937  0.08552
    90  0    84  0    41  1    8   309.96  0.28416  0.10572  0.10668
    85  0    75  1    42  1    7   267.75  0.16797  0.15476  0.14130
    91  0    77  1    44  1    7   308.31  0.03710  0.09625  0.05128
   114  1    87  1    71  1   12   704.18  0.08415  0.22240  0.12925
    90  0    37  1    25  1    8    83.25  0.23149  0.03077  0.02821
   105  1    80  1    77  1    9   646.80  0.04365  0.00119  0.14020
    74  1    71  1    50  1   10   262.70  0.24429  0.09026  0.25817
    62  1    57  1    55  1   12   194.37  0.05716  0.00565  0.14183
    587    233    220
   10       29.9584925000
    99  0    68  0    23  1   23   154.84  0.14091  0.10019  0.18809
    68  1    52  1    40  1   17   141.44  0.29126  0.25086  0.03693
   101  1    66  1    61  1   20   406.63  0.21217  0.26451  0.27053
    57  0    56  0    22  1   17    70.22  0.04548  0.26710  0.28729
    81  1    54  1    47  1   19   205.58  0.12887  0.13320  0.05909
    86  0    34  1    25  1   24    73.10  0.25355  0.00781  0.08059
    54  0    46  1    27  1   11    67.07  0.01219  0.02105  0.15771
    95  0    65  1    34  1   17   209.95  0.01904  0.03021  0.27214
   105  0    57  1    29  1   10   173.57  0.05836  0.11892  0.02014
   120  0    63  0    28  1   14   211.68  0.26872  0.08933  0.08603
    587    233    220
   10       30.0094485000
   100  0    94  0    28  1   19   263.20  0.17696  0.15235  0.21842
    81  1    78  1    66  1   13   416.99  0.12153  0.19739  0.10939
   111  0    49  0    21  1   12   114.22  0.09244  0.22597  0.04608
   119  0    63  1    37  1   20   277.39  0.23415  0.10556  0.13170
    72  0    50  1    30  1   14   108.00  0.02551  0.19553  0.06020
    58  1    58  1    40  1   12   134.56  0.18132  0.03962  0.07104
   108  0    55  1    29  1   17   172.26  0.12105  0.14014  0.20421
    54  1    49  1    38  1   15   100.55  0.13064  0.04902  0.14502
    69  1    46  1    44  1   12   139.66  0.18679  0.18480  0.17870
    88  1    71  1    61  1    9   381.13  0.14927  0.03555  0.23933
    587    233    220
   10       29.7694653000
    90  0    41  1    34  1   34   125.46  0.20246  0.06390  0.06739
    64  0    32  1    28  1   17    57.34  0.08999  0.18062  0.12746
    42  1    31  1    31  1   19    40.36  0.04261  0.15355  0.15141
    94  0    90  0    44  1   15   372.24  0.18748  0.05323  0.05973
    68  1    63  1    53  1   24   227.05  0.07449  0.17287  0.06835
    55  0    30  1    21  1   23    34.65  0.07581  0.07992  0.03129
    72  0    64  0    31  1   16   142.85  0.02926  0.06062  0.05534
    75  0    56  1    34  1   30   142.80  0.02884  0.13604  0.07488
    62  0    34  1    31  1   31    65.35  0.07246  0.17316  0.15757
    79  0    55  1    32  1   24   139.04  0.11981  0.19117  0.05605
    587    233    220
   10       29.8502624000
    85  0    73  1    40  1    9   248.20  0.16578  0.31642  0.16926
    73  1    62  1    54  1    7   244.40  0.24228  0.22054  0.03884
    90  0    63  1    41  1   13   232.47  0.28661  0.26695  0.29041
    75  0    61  0    24  1   15   109.80  0.33299  0.08925  0.23917
    57  1    53  1    44  1    8   132.92  0.18285  0.12047  0.22193
    93  0    70  1    45  1    9   292.95  0.30882  0.22842  0.14595
    73  0    36  1    33  1    8    86.72  0.26717  0.29759  0.06968
    95  1    80  1    75  1    7   570.00  0.16979  0.26569  0.09800
    93  1    89  1    78  1   11   645.61  0.17900  0.16774  0.01034
   113  1    87  1    65  1    9   639.02  0.23843  0.03986  0.13532
    587    233    220
   10       29.9841970000
   105  0    81  1    46  1   18   391.23  0.00572  0.14634  0.03345
   115  1    81  1    61  1    9   568.22  0.12635  0.06746  0.18133
    72  0    51  0    23  1   12    84.46  0.16869  0.26256  0.22935
    65  1    56  1    33  1   10   120.12  0.02064  0.23992  0.24615
    60  0    44  0    21  1   13    55.44  0.21914  0.23879  0.21995
    85  1    69  1    65  1    7   381.23  0.03377  0.00215  0.21677
    90  0    82  0    35  1   10   258.30  0.01536  0.02428  0.30732
   115  1    94  1    64  1    8   691.84  0.19730  0.24275  0.32340
    80  0    53  1    33  1    9   139.92  0.21756  0.25773  0.17448
    95  0    81  0    37  1   10   284.71  0.26628  0.33759  0.32564
    587    233    220
   10       30.0842553000
    76  1    52  1    46  1   18   181.79  0.18883  0.06935  0.05884
    66  0    59  1    31  1   26   120.71  0.11670  0.16560  0.20628
    62  1    55  1    44  1   25   150.04  0.21624  0.18041  0.04316
    95  0    46  1    36  1   12   157.32  0.20311  0.04306  0.18866
    63  1    59  1    35  1   11   130.10  0.06952  0.00468  0.17975
   100  0    37  1    32  1   23   118.40  0.01331  0.06815  0.20159
    91  0    54  1    37  1   21   181.82  0.20054  0.16048  0.12495
    49  1    44  1    36  1   26    77.62  0.18239  0.16617  0.22622
   109  0    66  1    49  1   18   352.51  0.16876  0.11067  0.15853
    69  0    48  1    27  1   19    89.42  0.00611  0.09127  0.03801
    587    233    220
   10       30.0165683000
    78  1    72  1    58  1   14   325.73  0.13251  0.04544  0.28848
   107  1    57  1    57  1   11   347.64  0.10215  0.16234  0.29435
    72  1    64  1    37  1   19   170.50  0.19577  0.05001  0.14344
    93  0    66  0    26  1   13   159.59  0.10054  0.07812  0.08573
   116  0    67  1    35  1   13   272.02  0.18510  0.08665  0.31082
   101  0    56  1    39  1   12   220.58  0.25757  0.25495  0.21149
   108  0   100  0    39  1   11   421.20  0.06487  0.07915  0.11429
    64  1    55  1    33  1   10   116.16  0.00482  0.10409  0.02183
    73  1    65  1    53  1   10   251.49  0.03602  0.00194  0.20764
   106  0    41  1    35  1   12   152.11  0.23244  0.07155  0.03950
    587    233    220
   10       29.8804551000
   109  1    68  1    64  1    7   474.37  0.29663  0.30522  0.13185
    84  1    58  1    55  1    7   267.96  0.26986  0.02748  0.08728
    96  0    83  0    24  1   16   191.23  0.02030  0.20455  0.09480
    74  0    67  1    37  1   14   183.45  0.18317  0.17700  0.15723
   107  1    73  1    70  1    7   546.77  0.09299  0.15715  0.29205
    80  1    73  1    54  1   13   315.36  0.15342  0.10637  0.09851
    72  0    41  1    33  1   13    97.42  0.02849  0.12008  0.00379
    84  1    79  1    74  1   10   491.06  0.28733  0.10086  0.25522
    40  0    37  1    20  1   14    29.60  0.21640  0.17199  0.20915
    74  1    73  1    42  1   20   226.88  0.19579  0.02113  0.07719
    587    233    220
   10       29.9368232000
    70  1    63  1    50  1   14   220.50  0.23564  0.12239  0.07036
   100  0    53  1    34  1    9   180.20  0.29104  0.02312  0.06344
    93  0    78  1    45  1   11   326.43  0.14748  0.25143  0.03803
   100  0    55  1    48  1   10   264.00  0.20215  0.16937  0.20944
    98  1    73  1    50  1   13   357.70  0.02308  0.10376  0.06427
    69  1    45  1    43  1    9   133.51  0.29080  0.07143  0.03075
    43  1    42  1    36  1   15    65.02  0.12941  0.09809  0.30186
   104  1    92  1    63  1   16   602.78  0.01151  0.29793  0.04039
    93  0    36  1    26  1   11    87.05  0.00532  0.14542  0.13596
    50  1    45  1    41  1   17    92.25  0.01841  0.17226  0.05389
    587    233    220
   10       30.0578653000
    82  1    76  1    59  1    8   367.69  0.28699  0.10226  0.21164
    60  1    51  1    50  1   14   153.00  0.08952  0.15937  0.26792
   104  1    66  1    61  1    7   418.70  0.25371  0.00567  0.28667
    71  0    36  1    28  1    7    71.57  0.13625  0.29159  0.19396
    89  0    77  0    26  1    9   178.18  0.18297  0.13400  0.01560
   108  1    84  1    66  1   15   598.75  0.31419  0.04690  0.25165
    90  0    51  1    45  1   10   206.55  0.28916  0.22920  0.05998
    48  1    35  1    33  1    9    55.44  0.03670  0.28668  0.08202
    89  1    57  1    52  1    5   263.80  0.22002  0.13817  0.16772
    99  1    77  1    58  1   16   442.13  0.12600  0.07780  0.27808
    587    233    220
   10       29.8780739000
   114  0    54  0    20  1   16   123.12  0.25219  0.03744  0.09988
    92  1    87  1    50  1   10   400.20  0.24285  0.29172  0.06038
   114  0    43  1    26  1   10   127.45  0.20544  0.03311  0.21799
    93  0    69  1    42  1    7   269.51  0.18723  0.18558  0.21779
    80  1    79  1    64  1   19   404.48  0.16601  0.11375  0.15456
    99  0    80  0    29  1    8   229.68  0.27016  0.33311  0.28555
    60  1    54  1    47  1   12   152.28  0.02559  0.19368  0.13396
    54  1    53  1    32  1   16    91.58  0.15041  0.02093  0.22499
   113  1    75  1    68  1   10   576.30  0.18247  0.21272  0.12956
    67  1    66  1    49  1   10   216.68  0.19628  0.01992  0.19850
    587    233    220
   10       30.0660043000
    55  0    50  1    26  1    8    71.50  0.15503  0.08275  0.12791
    48  1    42  1    37  1   16    74.59  0.09650  0.05264  0.19943
    47  1    34  1    26  1   17    41.55  0.02160  0.14439  0.17312
   104  0    74  1    50  1   18   384.80  0.12943  0.06740  0.00886
    83  0    70  1    40  1   17   232.40  0.09299  0.15393  0.18067
    53  1    52  1    38  1   19   104.73  0.06555  0.07522  0.17019
   108  0    69  1    49  1   11   365.15  0.20325  0.03032  0.16522
    78  1    73  1    72  1   20   409.97  0.21042  0.03079  0.06114
    77  0    62  0    24  1   15   114.58  0.02694  0.04508  0.14133
    74  0    34  1    21  1   15    52.84  0.03235  0.14786  0.05428
    587    233    220
   10       30.0620317000
    87  0    45  1    32  1   14   125.28  0.20903  0.01199  0.04840
    84  1    63  1    46  1   11   243.43  0.15554  0.12642  0.14581
    84  1    67  1    44  1   12   247.63  0.12346  0.00285  0.11303
    76  0    55  1    30  1   11   125.40  0.18920  0.14387  0.17140
    87  1    78  1    61  1    6   413.95  0.11568  0.12467  0.25572
   115  0    77  1    53  1   11   469.32  0.14331  0.25738  0.22654
    78  1    72  1    51  1   12   286.42  0.00783  0.12829  0.12279
    93  1    91  1    62  1   10   524.71  0.24937  0.24527  0.04521
    48  1    41  1    40  1    7    78.72  0.05881  0.21652  0.05535
    92  1    82  1    53  1   11   399.83  0.02957  0.13168  0.08853
    587    233    220
   10       29.8921525000
   119  0    41  1    38  1   14   185.40  0.05762  0.19149  0.05520
    90  0    44  1    35  1   15   138.60  0.26494  0.19759  0.16597
    67  0    55  0    27  1    7    99.50  0.16011  0.15822  0.25306
    71  1    47  1    36  1   18   120.13  0.16324  0.11564  0.05410
    90  1    55  1    51  1   17   252.45  0.14945  0.26757  0.20530
    87  0    68  1    40  1   19   236.64  0.10152  0.18661  0.01821
    87  0    53  1    36  1   17   166.00  0.22839  0.02873  0.14144
   113  0    47  1    34  1   19   180.57  0.10504  0.07358  0.13820
    97  0    56  1    35  1   25   190.12  0.19597  0.23785  0.23125
    90  0    60  0    25  1   19   135.00  0.21968  0.18644  0.14427
    587    233    220
   10       29.9155056000
    60  1    44  1    36  1    9    95.04  0.05399  0.10423  0.20504
    76  1    42  1    40  1    8   127.68  0.16157  0.17957  0.19775
    65  1    49  1    48  1   11   152.88  0.13960  0.17769  0.19749
   109  0    92  1    51  1   10   511.43  0.18831  0.01944  0.12686
    93  0    42  1    31  1   12   121.09  0.25861  0.17466  0.24693
    83  1    64  1    59  1    7   313.41  0.04402  0.21246  0.21541
    96  1    90  1    55  1   11   475.20  0.03783  0.22445  0.25813
    52  1    42  1    31  1   15    67.70  0.09222  0.23007  0.04249
    98  1    72  1    61  1    8   430.42  0.06054  0.22833  0.22907
   118  0    98  1    57  1   12   659.15  0.01835  0.01800  0.22228
    587    233    220
   10       30.0425916000
    91  0    50  1    32  1   20   145.60  0.09329  0.20572  0.21190
   118  0    66  1    40  1   16   311.52  0.14029  0.00226  0.02701
    75  0    69  0    32  1   12   165.60  0.22048  0.14734  0.02312
    81  0    73  0    32  1   19   189.22  0.08859  0.17787  0.06383
    97  0    69  0    33  1   16   220.87  0.05779  0.15124  0.03196
    97  0    31  1    27  1   17    81.19  0.02019  0.05433  0.13746
    57  1    54  1    29  1   11    89.26  0.02307  0.11087  0.06301
    77  1    71  1    62  1   16   338.95  0.17162  0.21897  0.17127
   116  0    84  0    27  1   16   263.09  0.04807  0.11621  0.19491
    85  0    30  1    29  1   14    73.95  0.20532  0.12014  0.23059
    587    233    220
   10       29.9659639000
    56  0    32  1    28  1    9    50.18  0.07080  0.22766  0.14118
    92  0    68  1    39  1   11   243.98  0.25411  0.08940  0.19087
    90  0    86  0    29  1    9   224.46  0.19435  0.04472  0.03337
    73  1    54  1    52  1   17   204.98  0.10554  0.14224  0.10446
   114  0   100  0    45  1   17   513.00  0.09278  0.09312  0.24672
    94  0    51  1    36  1   14   172.58  0.10844  0.21948  0.26345
   108  0    59  1    38  1   13   242.14  0.19779  0.07692  0.01693
    89  1    82  1    61  1    7   445.18  0.15566  0.04187  0.12035
    81  1    71  1    43  1   12   247.29  0.25842  0.22892  0.07093
    61  1    53  1    37  1    8   119.62  0.15636  0.11038  0.03321
    587    233    220
   10       30.0468266000
    99  1    64  1    62  1   20   392.83  0.18244  0.08187  0.00463
   110  0    43  1    37  1   16   175.01  0.05501  0.02294  0.11048
    96  1    73  1    50  1    9   350.40  0.03550  0.21359  0.18869
   114  0    53  1    35  1   10   211.47  0.23545  0.26909  0.17487
   105  0    27  1    22  1   12    62.37  0.15926  0.14431  0.16809
    75  1    66  1    51  1   14   252.45  0.00996  0.26619  0.13199
    72  1    61  1    48  1   17   210.82  0.00466  0.12741  0.01858
   102  0    46  1    32  1   12   150.14  0.05043  0.23715  0.02629
    59  1    57  1    45  1   12   151.34  0.18688  0.03658  0.02579
   111  0    45  1    33  1   16   164.84  0.11096  0.27658  0.18891
    587    233    220
   10       30.0484389000
    96  1    95  1    68  1   10   620.16  0.29399  0.20388  0.25259
    69  1    61  1    35  1   12   147.32  0.01804  0.15956  0.10317
   107  1    70  1    55  1   10   411.95  0.01292  0.22223  0.18000
    92  0    85  0    34  1   11   265.88  0.20723  0.12664  0.18632
    96  0    60  1    31  1   12   178.56  0.12923  0.09537  0.15355
    66  1    38  1    38  1   17    95.30  0.20975  0.00799  0.04695
    63  1    57  1    36  1   12   129.28  0.03469  0.14020  0.17372
    51  1    31  1    31  1   15    49.01  0.24597  0.12210  0.23542
   100  0    75  1    44  1   14   330.00  0.06361  0.13517  0.12957
    78  1    66  1    53  1   16   272.84  0.29142  0.14174  0.04768
    587    233    220
   10       29.9398452000
    90  0    73  1    37  1    9   243.09  0.27364  0.12333  0.22359
   102  0    95  0    33  1   15   319.77  0.08492  0.04366  0.19453
   117  0    38  1    30  1   10   133.38  0.15236  0.28732  0.04200
    75  1    73  1    57  1   13   312.08  0.23374  0.00695  0.09488
    86  0    36  1    34  1   12   105.26  0.21211  0.08433  0.21764
   101  1    81  1    62  1   14   507.22  0.11551  0.10138  0.14810
    90  1    66  1    65  1    9   386.10  0.20907  0.27101  0.09376
    76  1    69  1    51  1   15   267.44  0.20510  0.15555  0.04402
    65  0    30  1    30  1    8    58.50  0.18785  0.15664  0.17717
    61  1    46  1    37  1   12   103.82  0.05676  0.10018  0.19913
    587    233    220
   10       29.7419637000
    86  1    79  1    69  1    8   468.79  0.12900  0.09475  0.07770
    53  1    46  1    31  1    7    75.58  0.23814  0.10342  0.10526
    96  0    51  1    37  1    9   181.15  0.14241  0.09875  0.18683
   119  0    55  1    54  1   11   353.43  0.04690  0.21347  0.04182
    77  0    74  0    37  1    9   210.83  0.20981  0.30880  0.16912
    96  0    73  0    24  1    7   168.19  0.02164  0.28790  0.00562
    75  1    67  1    54  1   12   271.35  0.16848  0.26510  0.11213
    88  1    71  1    61  1    5   381.13  0.16581  0.01535  0.21575
   120  0    93  0    46  1   14   513.36  0.30310  0.16639  0.03611
   104  1    70  1    69  1    9   502.32  0.08064  0.04398  0.12161
    587    233    220
   10       30.0492852000
   101  0    81  0    24  1   14   196.34  0.00938  0.12909  0.14784
    94  0    72  0    29  1   16   196.27  0.02065  0.07637  0.22420
    79  1    72  1    47  1   18   267.34  0.32258  0.09116  0.18935
    90  0    36  1    35  1   18   113.40  0.15527  0.13170  0.21861
    68  1    51  1    40  1   11   138.72  0.05859  0.07971  0.21183
    48  1    45  1    35  1   17    75.60  0.14923  0.31908  0.29826
   108  1    84  1    69  1    6   625.97  0.00866  0.11929  0.03070
    91  0    45  1    31  1   20   126.94  0.20695  0.31711  0.13791
    84  1    80  1    62  1   10   416.64  0.23858  0.32302  0.05987
    77  1    71  1    41  1   18   224.15  0.17992  0.04560  0.10794
    587    233    220
   10       29.8373401000
    77  0    42  1    30  1   13    97.02  0.26823  0.26424  0.16985
    98  0    45  1    28  1    8   123.48  0.26598  0.15880  0.07749
    61  1    58  1    32  1   11   113.22  0.20339  0.04248  0.04116
    92  1    77  1    61  1   15   432.12  0.14316  0.06557  0.01466
    58  0    44  1    27  1    8    68.90  0.05799  0.14300  0.09942
   108  0    72  1    50  1   15   388.80  0.23635  0.27644  0.17834
    93  1    72  1    71  1   12   475.42  0.13970  0.15498  0.21505
   111  0    49  1    30  1   14   163.17  0.24271  0.23430  0.07590
    79  1    66  1    49  1    9   255.49  0.04925  0.25215  0.22014
    85  0    74  1    39  1   13   245.31  0.06914  0.05301  0.10305
    587    233    220
   10       29.7648876000
    73  0    73  0    36  1   24   191.84  0.07228  0.22365  0.05378
    87  0    49  1    26  1   13   110.84  0.06777  0.05732  0.09061
    68  1    53  1    44  1   20   158.58  0.02168  0.05099  0.17626
    73  0    57  1    33  1   23   137.31  0.21112  0.03094  0.11503
    65  1    49  1    47  1   18   149.70  0.16014  0.10494  0.21019
    80  0    65  1    35  1   22   182.00  0.15052  0.12600  0.20376
    72  0    35  1    26  1   18    65.52  0.08288  0.07299  0.09382
    75  1    68  1    40  1   18   204.00  0.07600  0.08213  0.01414
   104  0    53  1    34  1   16   187.41  0.07913  0.17038  0.20384
    97  0    93  0    45  1    7   405.95  0.14253  0.11422  0.06252
    587    233    220
   10       29.9735993000
   105  0    68  1    42  1   15   299.88  0.17182  0.08634  0.22142
    75  0    37  1    24  1   20    66.60  0.04366  0.13154  0.08691
    79  0    73  0    26  1   20   149.94  0.16723  0.14858  0.01588
    95  0    53  1    38  1   13   191.33  0.09863  0.25569  0.20437
    50  1    41  1    40  1   10    82.00  0.12297  0.09483  0.09620
    80  1    59  1    52  1   19   245.44  0.25915  0.16980  0.06339
    90  0    74  0    35  1   19   233.10  0.07203  0.04727  0.25237
    87  1    60  1    60  1   14   313.20  0.04395  0.22972  0.24924
    68  1    50  1    39  1   15   132.60  0.22121  0.19331  0.00261
    78  0    64  0    25  1   19   124.80  0.01149  0.25729  0.07214
    587    233    220
   10       29.9829363000
    64  1    48  1    46  1   21   141.31  0.19519  0.09224  0.16829
    79  0    25  1    22  1   30    43.45  0.12721  0.09869  0.15097
    89  0    85  0    33  1   22   249.65  0.02175  0.21268  0.15590
    79  0    66  1    34  1   27   177.28  0.03437  0.21069  0.00148
    79  0    54  1    31  1   16   132.25  0.21756  0.16311  0.07609
   115  0    95  0    22  1   24   240.35  0.07527  0.04643  0.07489
    76  1    54  1    44  1   20   180.58  0.04341  0.13652  0.07415
    80  0    44  1    29  1   18   102.08  0.20936  0.04016  0.02425
    66  0    33  1    26  1   19    56.63  0.09244  0.02575  0.05690
    50  1    32  1    32  1   20    51.20  0.13074  0.03569  0.16812
    587    233    220
   10       29.9805849000
    78  1    59  1    54  1   13   248.51  0.19694  0.05917  0.19806
   120  0    52  0    20  1   12   124.80  0.07146  0.09274  0.16505
   100  1    67  1    54  1   10   361.80  0.26880  0.10360  0.02974
    91  0    59  1    37  1   19   198.65  0.04245  0.01678  0.09876
   112  0    57  1    56  1   16   357.50  0.27739  0.14123  0.07012
    88  0    46  1    34  1   16   137.63  0.18918  0.20477  0.04815
   108  0    78  1    53  1   13   446.47  0.18192  0.16081  0.02188
   100  0    48  1    29  1    9   139.20  0.15450  0.18594  0.02326
    89  0    88  0    21  1   12   164.47  0.01361  0.16261  0.25092
    90  0    40  1    21  1   12    75.60  0.09177  0.04763  0.13286
    587    233    220
   10       30.0295650000
   110  0    60  1    55  1    9   363.00  0.14309  0.12987  0.12329
    80  1    78  1    71  1    7   443.04  0.34323  0.33155  0.22177
   110  0    75  1    50  1   10   412.50  0.22890  0.23821  0.08551
   100  0    72  1    40  1   10   288.00  0.13059  0.29815  0.08831
   103  0    60  1    32  1   12   197.76  0.34645  0.21752  0.07872
    70  1    60  1    49  1   14   205.80  0.34644  0.05629  0.34874
    80  1    72  1    62  1   10   357.12  0.16120  0.32492  0.13088
   120  1    74  1    67  1    7   594.96  0.18300  0.27878  0.11885
    75  0    52  1    37  1    8   144.30  0.27775  0.35043  0.15255
    57  1    54  1    48  1   17   147.74  0.06107  0.35334  0.01251
    587    233    220
   10       29.6941220000
    65  1    51  1    50  1   17   165.75  0.23807  0.18879  0.28087
   113  0    78  0    28  1   14   246.79  0.23399  0.15993  0.00236
   120  0    35  1    32  1   14   134.40  0.15746  0.09868  0.14710
    71  0    53  0    20  1   13    75.26  0.26701  0.15540  0.15688
    94  1    70  1    64  1   16   421.12  0.24754  0.26616  0.25363
    64  0    33  1    32  1   14    67.58  0.10799  0.26095  0.14759
    71  0    35  1    21  1   17    52.19  0.12055  0.23316  0.24978
    85  1    59  1    49  1   18   245.74  0.19913  0.21244  0.06909
   108  0    62  1    53  1   14   354.89  0.20780  0.27636  0.19163
   116  0    56  0    25  1   16   162.40  0.07808  0.07286  0.04936
    587    233    220
   10       30.0732523000
    83  1    71  1    46  1   15   271.08  0.11004  0.15441  0.20238
    76  1    63  1    54  1   15   258.55  0.00925  0.18000  0.20229
    91  0    56  1    40  1   15   203.84  0.04625  0.05341  0.26090
    61  1    42  1    34  1   11    87.11  0.22692  0.28213  0.20004
    84  1    67  1    47  1   14   264.52  0.22619  0.22617  0.20392
    95  1    79  1    57  1   11   427.79  0.18476  0.15001  0.11057
    90  0    80  0    23  1   11   165.60  0.21847  0.16432  0.07831
    69  0    43  1    28  1    9    83.08  0.00506  0.08448  0.06253
    72  1    69  1    48  1   17   238.46  0.16394  0.00251  0.05538
    83  1    64  1    58  1   10   308.10  0.27224  0.20575  0.16522
    587    233    220
   10       29.7677218000
   114  0    77  1    42  1   11   368.68  0.16443  0.04741  0.25841
   105  1    81  1    74  1   14   629.37  0.21843  0.10268  0.11129
    76  1    73  1    50  1   17   277.40  0.30362  0.30133  0.17240
   104  0    91  0    41  1   13   388.02  0.10383  0.26370  0.03703
    75  0    70  0    23  1   15   120.75  0.17164  0.00669  0.25854
    93  0    67  0    20  1   16   124.62  0.11292  0.00345  0.29464
    89  0    54  0    25  1    8   120.15  0.23771  0.01898  0.21852
    89  0    46  1    28  1   10   114.63  0.08741  0.28094  0.25373
    36  1    35  1    24  1   13    30.24  0.30560  0.16583  0.03587
    72  0    50  1    29  1    8   104.40  0.23394  0.05463  0.22654
    587    233    220
   10       29.9803256000
    55  0    37  1    22  1   17    44.77  0.19700  0.02329  0.06318
    72  0    55  1    31  1    9   122.76  0.09022  0.32169  0.00024
    61  1    56  1    36  1   14   122.98  0.03601  0.32585  0.29276
    76  0    72  0    22  1    9   120.38  0.09209  0.12583  0.16251
    74  1    66  1    61  1   14   297.92  0.15922  0.10452  0.09600
    43  1    39  1    32  1   13    53.66  0.01718  0.30725  0.30193
   108  0    98  0    27  1   12   285.77  0.07466  0.05076  0.28154
   109  1    73  1    65  1   11   517.21  0.19429  0.32682  0.25782
    97  0    92  0    40  1    9   356.96  0.06775  0.10995  0.30168
   109  1    80  1    62  1   15   540.64  0.24737  0.00272  0.29761
    587    233    220
   10       29.9872577000
    87  0    33  1    28  1   17    80.39  0.02257  0.14627  0.22373
    97  1    70  1    57  1   16   387.03  0.24239  0.11596  0.17966
    71  1    57  1    38  1   16   153.79  0.10252  0.01842  0.21310
    63  1    53  1    47  1   15   156.93  0.19762  0.28269  0.25854
    77  0    56  1    37  1   14   159.54  0.13220  0.12361  0.01144
   102  0    67  1    47  1   13   321.20  0.18378  0.07621  0.15066
    72  0    31  1    29  1   16    64.73  0.11816  0.08314  0.17249
    84  0    58  1    38  1   16   185.14  0.11454  0.12589  0.21058
    84  1    57  1    56  1   17   268.13  0.00549  0.03215  0.17209
    88  0    76  0    33  1   12   220.70  0.10657  0.26282  0.07968
    587    233    220
   10       29.5260578000
   119  0    34  1    28  1   12   113.29  0.08870  0.22684  0.29342
    84  1    69  1    48  1   13   278.21  0.11635  0.04278  0.11516
    97  1    82  1    78  1   14   620.41  0.02937  0.11228  0.30023
   109  0    43  1    33  1    9   154.67  0.29306  0.10902  0.12676
    80  1    75  1    47  1   10   282.00  0.27088  0.19554  0.10060
    74  0    62  0    30  1   13   137.64  0.15064  0.30805  0.17837
    40  1    35  1    31  1   14    43.40  0.17537  0.10342  0.20490
    58  0    43  1    26  1    3    64.84  0.22594  0.09419  0.25246
   111  1    73  1    71  1   12   575.31  0.31026  0.01993  0.27694
    95  0    66  1    43  1    8   269.61  0.26187  0.24104  0.26338
    587    233    220
   10       30.0037771000
   100  0    60  1    40  1   11   240.00  0.09173  0.16390  0.04996
    89  0    67  1    34  1   21   202.74  0.06504  0.00546  0.10276
    92  0    80  0    38  1   18   279.68  0.14074  0.20529  0.09601
    90  0    81  0    24  1   18   174.96  0.15497  0.21713  0.17828
    84  0    52  1    38  1   22   165.98  0.23040  0.08472  0.04150
    77  1    54  1    46  1   13   191.27  0.16141  0.11699  0.00161
    90  0    49  1    33  1   20   145.53  0.03687  0.20296  0.14361
    78  0    45  1    27  1   15    94.77  0.20511  0.08278  0.16359
    76  0    57  0    28  1   16   121.30  0.04097  0.16952  0.01293
   102  0    38  1    27  1   24   104.65  0.22896  0.05988  0.18788
    587    233    220
   10       29.8221409000
    95  0    92  0    46  1    7   402.04  0.18426  0.16110  0.05802
    65  1    60  1    40  1   11   156.00  0.06658  0.26170  0.20464
   103  1    62  1    59  1   10   376.77  0.02773  0.07795  0.06108
    71  1    65  1    52  1    6   239.98  0.05015  0.12901  0.18892
   119  0    87  0    28  1   12   289.88  0.05022  0.12062  0.22978
   109  1    92  1    78  1   13   782.18  0.12475  0.22985  0.31487
    58  1    54  1    35  1    7   109.62  0.18921  0.24812  0.00223
    98  1    73  1    64  1    7   457.86  0.27518  0.22927  0.28819
    44  1    44  1    40  1   10    77.44  0.09985  0.00991  0.06107
    70  0    69  1    35  1   10   169.05  0.01062  0.25943  0.08291
    587    233    220
   10       29.6510010000
    91  0    52  1    33  1   10   156.16  0.31917  0.06424  0.29366
    87  1    81  1    63  1   11   443.96  0.12532  0.25868  0.14660
   113  0    79  1    45  1    9   401.71  0.07269  0.09503  0.32207
   114  0    52  1    45  1    6   266.76  0.11559  0.04214  0.04032
   110  1    90  1    66  1    7   653.40  0.13905  0.30989  0.23555
    81  0    41  1    31  1   12   102.95  0.16625  0.06377  0.18940
   108  0    67  1    37  1   11   267.73  0.11132  0.23701  0.29143
   118  0    82  1    57  1   14   551.53  0.12249  0.17094  0.29098
    96  0    60  0    30  1    5   172.80  0.19464  0.04686  0.13083
    43  1    42  1    36  1   10    65.02  0.07566  0.07500  0.23292
    587    233    220
   10       30.0478905000
    86  1    65  1    57  1    7   318.63  0.14280  0.10982  0.15170
    61  1    37  1    32  1   15    72.22  0.22391  0.06850  0.18603
    39  1    33  1    27  1   11    34.75  0.08902  0.15176  0.13519
    85  0    33  1    26  1    9    72.93  0.14225  0.22731  0.23765
   101  0    94  0    42  1   15   398.75  0.24341  0.02824  0.14837
    65  1    53  1    46  1   10   158.47  0.18156  0.03892  0.10690
    76  1    72  1    39  1   18   213.41  0.26071  0.09281  0.11201
    47  1    42  1    25  1   14    49.35  0.17930  0.24494  0.19385
    93  1    76  1    60  1   16   424.08  0.22293  0.19792  0.20242
    95  1    74  1    51  1   19   358.53  0.24966  0.21437  0.23092
    587    233    220
   10       29.6965569000
    96  1    82  1    63  1    8   495.94  0.18227  0.12762  0.15907
    74  1    63  1    59  1   10   275.06  0.05146  0.02010  0.25831
    86  0    60  1    43  1    9   221.88  0.05296  0.24909  0.08360
    90  1    67  1    57  1   11   343.71  0.16215  0.04043  0.26055
    97  1    91  1    80  1   15   706.16  0.02209  0.18297  0.24988
   116  0    61  0    28  1    6   198.13  0.01577  0.21403  0.17040
    86  0    41  1    35  1    7   123.41  0.12293  0.05944  0.29052
    67  0    44  1    26  1   11    76.65  0.13722  0.07189  0.10212
   115  0    79  0    31  1    9   281.64  0.27449  0.17014  0.11522
    62  1    59  1    46  1    7   168.27  0.10506  0.17536  0.05258
    587    233    220
   10       29.7191232000
    78  0    69  1    37  1    5   199.13  0.00266  0.14313  0.14139
   115  1    90  1    58  1    8   600.30  0.00884  0.28283  0.03215
    68  0    53  0    20  1    9    72.08  0.03778  0.31868  0.01569
   119  0    71  1    47  1    6   397.10  0.21580  0.29008  0.31807
   100  1    82  1    57  1    7   467.40  0.15253  0.04058  0.16592
    88  1    76  1    52  1    5   347.78  0.11304  0.15138  0.12109
    95  0    90  0    43  1    9   367.65  0.06045  0.05712  0.23099
    87  1    72  1    62  1   14   388.37  0.31718  0.02226  0.11549
    80  1    66  1    47  1    6   248.16  0.24906  0.25934  0.24044
   120  1    78  1    67  1    9   627.12  0.01800  0.13755  0.20785
    587    233    220
   10       30.0429672000
    75  1    73  1    69  1   12   377.77  0.05925  0.04299  0.26264
    66  1    56  1    40  1   17   147.84  0.12817  0.24110  0.12418
    64  1    51  1    41  1   18   133.82  0.01446  0.03620  0.15867
    90  0    52  1    28  1   17   131.04  0.26535  0.01876  0.13388
    73  0    33  1    28  1   20    67.45  0.26305  0.31058  0.16270
    91  1    76  1    60  1   13   414.96  0.17206  0.23043  0.01289
    54  1    45  1    28  1   11    68.04  0.02348  0.15954  0.31911
   107  1    81  1    56  1   14   485.35  0.00662  0.18082  0.08034
    63  1    53  1    44  1   12   146.92  0.16651  0.07392  0.03075
    88  1    75  1    50  1    7   330.00  0.00635  0.22549  0.05501
    587    233    220
   10       29.8638254000
   101  0    69  0    20  1   16   139.38  0.06111  0.16771  0.18403
   108  0    66  1    54  1   16   384.91  0.11066  0.07780  0.19611
    74  0    62  1    33  1   20   151.40  0.17265  0.06032  0.19672
    69  0    61  1    33  1   20   138.90  0.09674  0.13715  0.16145
    71  0    64  0    31  1   22   140.86  0.01868  0.15180  0.07570
    38  1    32  1    30  1   18    36.48  0.11761  0.11225  0.05255
   108  0    47  1    37  1   14   187.81  0.00115  0.07354  0.09345
   100  0    41  1    36  1   19   147.60  0.12154  0.19346  0.12073
    99  0    79  0    39  1   14   305.02  0.17098  0.09417  0.16355
    83  0    55  0    22  1   22   100.43  0.13165  0.11953  0.16622
    587    233    220
   10       29.8142850000
    64  0    42  1    26  1   18    69.89  0.11016  0.07912  0.23387
    92  1    58  1    52  1   13   277.47  0.20754  0.04104  0.00475
    92  0    85  0    21  1   11   164.22  0.11739  0.08843  0.20506
    90  0    49  1    33  1   18   145.53  0.05855  0.08987  0.18993
    54  1    48  1    34  1   10    88.13  0.02011  0.14709  0.20203
    95  0    62  1    45  1   14   265.05  0.19300  0.21865  0.21473
    72  1    49  1    46  1   13   162.29  0.26547  0.26476  0.13762
    56  0    42  1    25  1   19    58.80  0.16910  0.11901  0.00211
    64  0    34  1    26  1   11    56.58  0.18307  0.20667  0.04123
   113  0    90  1    54  1   22   549.18  0.12518  0.15025  0.17108
    587    233    220
   10       29.8980593000
    74  0    60  1    32  1   15   142.08  0.20948  0.03624  0.00026
   100  0    50  1    43  1   13   215.00  0.17643  0.24279  0.26162
    95  0    74  1    42  1   16   295.26  0.18611  0.09281  0.13640
    95  0    70  0    30  1   15   199.50  0.19584  0.24272  0.08271
    45  1    37  1    24  1   16    39.96  0.14310  0.10152  0.05612
    67  0    60  0    25  1   14   100.50  0.19946  0.07870  0.11929
    55  1    51  1    35  1   12    98.18  0.07491  0.02963  0.07631
    76  1    71  1    61  1   16   329.16  0.08352  0.24388  0.24525
   119  0    88  1    51  1   11   534.07  0.01370  0.23625  0.11326
    98  0    81  0    26  1   14   206.39  0.10474  0.22000  0.03848
    587    233    220
   10       29.8940300000
   106  0    55  1    38  1   14   221.54  0.09226  0.06968  0.22050
    69  1    50  1    48  1   15   165.60  0.25893  0.00576  0.07031
   106  1    63  1    57  1   14   380.65  0.01114  0.19939  0.03852
    71  1    66  1    51  1   14   238.99  0.29225  0.28803  0.03434
    62  1    41  1    36  1    7    91.51  0.31661  0.09681  0.11379
    75  1    49  1    39  1    9   143.32  0.00118  0.16125  0.08667
    90  1    64  1    53  1   11   305.28  0.21386  0.29686  0.30114
    96  1    79  1    55  1   14   417.12  0.00839  0.14611  0.15413
    83  1    75  1    67  1    9   417.08  0.08465  0.01718  0.00424
    58  1    48  1    30  1    9    83.52  0.07747  0.17010  0.30974
    587    233    220
   10       29.9100756000
    51  1    46  1    44  1   26   103.22  0.25952  0.18023  0.04607
    95  0    92  1    47  1   14   410.78  0.23949  0.15165  0.18650
   116  0    39  1    23  1   10   104.05  0.25679  0.08386  0.07206
    51  1    37  1    32  1   14    60.38  0.10814  0.02126  0.08645
   117  0    44  1    38  1   10   195.62  0.29094  0.19208  0.23682
   103  1    89  1    73  1   13   669.19  0.07922  0.30180  0.16400
    73  1    55  1    54  1   13   216.81  0.07857  0.19853  0.18285
   116  0    98  0    40  1    8   454.72  0.09364  0.30806  0.24122
    62  0    48  0    22  1   12    65.47  0.14526  0.21763  0.14675
   106  0    38  1    30  1   14   120.84  0.05901  0.24762  0.14988
    587    233    220
   10       29.8200845000
    78  1    49  1    47  1    9   179.63  0.19527  0.18970  0.14661
    46  1    45  1    43  1   15    89.01  0.30357  0.09628  0.06765
    98  0    44  1    36  1   13   155.23  0.06698  0.13777  0.13664
   100  0    89  0    31  1   11   275.90  0.26150  0.03777  0.08497
   108  0    76  1    47  1   17   385.78  0.28808  0.25700  0.18017
    75  0    36  1    28  1   19    75.60  0.26910  0.02285  0.07463
   108  1    82  1    56  1   16   495.94  0.18063  0.02249  0.19352
    45  1    41  1    24  1   19    44.28  0.10990  0.28301  0.22485
   103  0    48  1    38  1   10   187.87  0.27159  0.02949  0.16049
    74  1    62  1    46  1   15   211.05  0.09376  0.25065  0.05545
