    587    233    220
   12       29.6954810000
   108  0    76  0    30  1   17   246.24  0.11040  0.08104  0.21412
   110  0    43  1    25  1    9   118.25  0.15570  0.02824  0.16575
    92  1    81  1    55  1    7   409.86  0.11365  0.26897  0.13148
    81  0    33  1    28  1    3    74.84  0.17733  0.00902  0.33191
   120  1    99  1    73  1   11   867.24  0.25007  0.24737  0.27825
   111  0    70  1    48  1    5   372.96  0.21347  0.03681  0.25852
    98  0    72  1    46  1   11   324.58  0.14228  0.26002  0.14047
    95  0    66  0    31  1    3   194.37  0.32586  0.07571  0.29199
    85  0    84  0    30  1    9   214.20  0.26801  0.09286  0.06752
    71  0    32  1    25  1    7    56.80  0.08617  0.34896  0.23626
    36  1    34  1    25  1    8    30.60  0.35238  0.01198  0.15825
    97  1    67  1    62  1    8   402.94  0.32711  0.12347  0.14566
    587    233    220
   12       29.6709090000
    49  0    25  1    21  1   13    25.73  0.28034  0.01032  0.08659
    60  1    51  1    41  1   10   125.46  0.19261  0.11763  0.01109
   103  1    76  1    64  1    5   500.99  0.08830  0.26950  0.20551
    95  1    70  1    62  1   13   412.30  0.23739  0.00389  0.20881
   111  0    49  1    26  1   13   141.41  0.21086  0.07943  0.14049
    85  1    84  1    72  1   15   514.08  0.17378  0.04007  0.14206
    48  1    36  1    31  1   13    53.57  0.21721  0.11486  0.14059
    86  0    76  0    38  1   13   248.37  0.24806  0.18431  0.28990
    71  1    48  1    47  1   12   160.18  0.01058  0.07937  0.24839
    90  0    43  1    33  1   12   127.71  0.02412  0.26889  0.08142
    98  0    52  1    44  1   13   224.22  0.15684  0.22507  0.05454
    73  0    37  1    23  1    6    62.12  0.10735  0.23721  0.08203
    587    233    220
   12       30.0691843000
    97  0    81  0    27  1    7   212.14  0.28683  0.15443  0.06158
   102  0    78  0    39  1   12   310.28  0.19292  0.12864  0.04042
   113  0    46  1    36  1   11   187.13  0.04444  0.25889  0.29544
    66  1    50  1    42  1   11   138.60  0.28353  0.11169  0.25965
   101  0    30  1    26  1    9    78.78  0.26222  0.28464  0.21074
   100  0    56  1    35  1   15   196.00  0.05725  0.26724  0.06590
    91  0    50  1    40  1    9   182.00  0.06878  0.11030  0.18283
   106  1    61  1    56  1   13   362.10  0.06858  0.18634  0.09493
   103  1    63  1    58  1    9   376.36  0.13073  0.06714  0.12311
    75  1    57  1    41  1   18   175.27  0.26107  0.02383  0.09797
    71  1    68  1    64  1    6   308.99  0.06038  0.08700  0.31041
    85  0    67  1    39  1   13   222.10  0.02889  0.31102  0.30180
    587    233    220
   12       30.0789445000
   113  0    92  0    33  1   11   343.07  0.11835  0.19596  0.10208
    52  1    37  1    28  1   10    53.87  0.22844  0.03678  0.16381
    57  1    33  1    29  1   14    54.55  0.10216  0.00146  0.21523
    99  0    37  1    30  1   11   109.89  0.05161  0.07028  0.17273
    92  0    64  1    33  1   12   194.30  0.08868  0.20939  0.26287
   119  0    59  1    39  1    9   273.82  0.13244  0.28438  0.28562
    54  1    52  1    49  1   12   137.59  0.01337  0.06223  0.17110
    75  0    45  1    35  1   12   118.13  0.03614  0.21853  0.25703
    79  1    68  1    44  1   15   236.37  0.09159  0.20362  0.11482
   116  0    49  1    47  1   10   267.15  0.28881  0.01168  0.24477
    83  0    44  1    23  1    9    84.00  0.19245  0.27996  0.16400
    98  1    96  1    56  1   17   526.85  0.08519  0.01889  0.28130
    587    233    220
   12       29.8533678000
    88  0    54  1    39  1    7   185.33  0.11501  0.03269  0.15228
    94  0    54  1    36  1   11   182.74  0.04542  0.11980  0.16447
    87  0    77  1    43  1   11   288.06  0.12941  0.22091  0.25178
   100  1    80  1    72  1   17   576.00  0.17004  0.10574  0.26458
    83  0    40  1    36  1   14   119.52  0.16216  0.27405  0.29455
    91  0    54  0    22  1   13   108.11  0.26339  0.21883  0.10654
   109  0    58  1    54  1    8   341.39  0.13549  0.15447  0.05088
    94  0    55  1    30  1    5   155.10  0.07708  0.04043  0.03937
    34  1    32  1    31  1   14    33.73  0.18002  0.11629  0.25153
    83  1    80  1    57  1   13   378.48  0.14691  0.14695  0.21703
   108  0    40  1    26  1    9   112.32  0.16676  0.08099  0.10453
    72  0    37  1    32  1    7    85.25  0.25675  0.01678  0.06392
    587    233    220
   12       29.9240052000
    86  1    84  1    45  1   18   325.08  0.11726  0.23865  0.11969
    81  0    45  1    34  1   17   123.93  0.08380  0.11525  0.19228
    70  1    54  1    37  1   12   139.86  0.16501  0.09760  0.19242
    71  1    61  1    52  1   12   225.21  0.09424  0.22046  0.02651
    78  1    73  1    40  1   15   227.76  0.00660  0.17276  0.13356
    69  1    63  1    46  1    7   199.96  0.27203  0.02405  0.14924
    72  1    67  1    56  1   11   270.14  0.13524  0.03954  0.13944
    75  0    75  0    36  1   12   202.50  0.13682  0.03658  0.27889
    94  1    88  1    50  1    7   413.60  0.19255  0.18906  0.21230
    65  1    51  1    50  1    7   165.75  0.03432  0.07714  0.06663
    81  1    56  1    46  1   12   208.66  0.25464  0.08959  0.15271
    68  0    44  1    27  1   10    80.78  0.18021  0.10251  0.17853
    587    233    220
   12       29.9836069000
   118  0    79  1    51  1   14   475.42  0.15834  0.25556  0.17409
    86  0    32  1    31  1    8    85.31  0.19068  0.24682  0.07809
    64  1    58  1    52  1    9   193.02  0.00186  0.16108  0.27067
    42  1    42  1    32  1    9    56.45  0.04332  0.26658  0.17456
    64  1    55  1    43  1   13   151.36  0.26773  0.18076  0.23232
    84  0    70  0    35  1   13   205.80  0.06856  0.24219  0.14216
    76  0    57  1    36  1    7   155.95  0.08738  0.01518  0.26095
    95  1    60  1    55  1    9   313.50  0.17818  0.15948  0.02591
    80  1    66  1    52  1   12   274.56  0.19405  0.16205  0.06718
   109  0    73  0    23  1   12   183.01  0.20650  0.20490  0.17724
    72  1    65  1    54  1   12   252.72  0.11502  0.26277  0.04347
    98  0    55  1    44  1   14   237.16  0.16203  0.27745  0.23833
    587    233    220
   12       29.8264473000
    75  1    58  1    57  1    5   247.95  0.07769  0.09217  0.00078
    57  1    37  1    30  1    7    63.27  0.07838  0.10968  0.15321
    79  0    74  0    35  1   11   204.61  0.06822  0.25683  0.04724
   104  1    99  1    74  1    9   761.90  0.24801  0.22812  0.07349
    55  1    46  1    31  1    6    78.43  0.25937  0.29983  0.06303
    99  0    98  0    33  1    8   320.17  0.02541  0.01948  0.16832
    90  1    85  1    59  1   13   451.35  0.05049  0.29448  0.06871
   115  0    74  1    44  1    9   374.44  0.11854  0.21800  0.15899
   107  0    67  0    21  1    4   150.55  0.19409  0.12535  0.10566
    81  1    76  1    55  1    5   338.58  0.22732  0.14714  0.05497
   118  0    84  0    27  1   11   267.62  0.07927  0.27952  0.19064
    67  1    60  1    38  1   10   152.76  0.14253  0.23640  0.20135
    587    233    220
   12       29.9561500000
    90  1    70  1    63  1    2   396.90  0.25571  0.28079  0.19986
    84  0    78  0    28  1   10   183.46  0.12584  0.21937  0.00495
    94  0    85  0    39  1   12   311.61  0.21530  0.26994  0.06856
    80  1    76  1    54  1   14   328.32  0.00024  0.15202  0.07760
    69  1    50  1    45  1   11   155.25  0.00831  0.05208  0.23350
    70  1    57  1    37  1    7   147.63  0.10047  0.27403  0.19740
    94  1    61  1    54  1   14   309.64  0.18339  0.20630  0.09683
    92  0    44  1    29  1   11   117.39  0.24592  0.18255  0.21094
    72  1    53  1    37  1   11   141.19  0.25190  0.04736  0.25250
    89  0    43  1    27  1   13   103.33  0.26827  0.22224  0.02595
    91  0    44  1    28  1   15   112.11  0.10284  0.11699  0.07483
    78  1    76  1    68  1   15   403.10  0.16864  0.17404  0.19679
    587    233    220
   12       30.0345301000
    68  0    66  0    31  1   10   139.13  0.04367  0.21566  0.00784
   120  0    34  1    26  1   10   106.08  0.17152  0.28338  0.20382
    95  1    76  1    60  1   16   433.20  0.27058  0.16874  0.02118
    61  1    47  1    34  1    8    97.48  0.14326  0.17088  0.16267
    53  1    45  1    36  1    9    85.86  0.15040  0.15459  0.28272
    80  1    52  1    42  1   10   174.72  0.10775  0.30374  0.26962
   109  0    63  0    28  1   12   192.28  0.28487  0.18121  0.20284
    74  0    64  1    35  1    9   165.76  0.25017  0.14370  0.14310
    53  1    40  1    36  1    8    76.32  0.21013  0.15427  0.14615
   102  1    96  1    59  1   10   577.73  0.12009  0.00984  0.06891
    64  1    60  1    47  1   16   180.48  0.22066  0.17189  0.08041
    99  0    90  0    32  1   15   285.12  0.19447  0.29985  0.01208
    587    233    220
   12       30.0774127000
    74  1    63  1    61  1    8   284.38  0.01982  0.14116  0.23380
    71  0    60  0    25  1   15   106.50  0.26024  0.16522  0.05000
   106  1    80  1    59  1   11   500.32  0.12909  0.28308  0.15403
   109  0    76  1    42  1   11   347.93  0.21479  0.28732  0.18947
   118  0    56  0    22  1    8   145.38  0.02011  0.23089  0.08278
   105  0    67  1    43  1   14   302.51  0.01971  0.19619  0.05371
    72  1    65  1    37  1   16   173.16  0.15870  0.20801  0.01001
    84  1    59  1    54  1   10   267.62  0.05116  0.27226  0.22083
    91  0    69  0    26  1   15   163.25  0.15295  0.27701  0.17842
    69  0    31  1    28  1   15    59.89  0.00972  0.24132  0.11321
    76  0    67  1    37  1   12   188.40  0.12013  0.31527  0.20996
    48  1    39  1    25  1    9    46.80  0.31287  0.30735  0.03627
    587    233    220
   12       29.9956500000
    95  1    80  1    57  1    7   433.20  0.18066  0.10951  0.22320
   112  0    87  0    23  1   13   224.11  0.05232  0.30197  0.15172
   116  0    41  1    40  1    6   190.24  0.04915  0.19436  0.11540
    98  1    80  1    56  1   13   439.04  0.03989  0.02586  0.13167
   108  1    60  1    59  1   10   382.32  0.06300  0.04004  0.01794
    82  1    77  1    67  1    7   423.04  0.18398  0.28036  0.01436
    67  1    46  1    36  1    7   110.95  0.29220  0.17956  0.07970
   104  0    72  1    44  1    9   329.47  0.09086  0.01807  0.18342
    89  0    56  0    24  1    4   119.62  0.20738  0.24863  0.08532
    64  1    36  1    36  1   10    82.94  0.22363  0.11690  0.03428
   101  0    86  0    31  1   15   269.27  0.03142  0.20064  0.22055
    69  1    65  1    37  1    8   165.95  0.15877  0.06126  0.19215
    587    233    220
   12       29.9034833000
    52  0    36  1    25  1   22    46.80  0.03458  0.22605  0.13535
    63  0    37  1    21  1   18    48.95  0.02255  0.22146  0.12348
   100  0    61  1    36  1   17   219.60  0.07287  0.02427  0.17786
    79  0    52  1    36  1   16   147.89  0.11634  0.01655  0.01922
    99  0    63  1    36  1   16   224.53  0.09782  0.08196  0.17105
    97  0    49  1    30  1   13   142.59  0.13288  0.21893  0.20427
    90  1    69  1    55  1   13   341.55  0.08357  0.06783  0.14129
    91  0    33  1    28  1   14    84.08  0.25820  0.05990  0.11925
   111  0    76  1    41  1   13   345.88  0.05283  0.17152  0.02111
    95  0    44  1    35  1   15   146.30  0.06558  0.08414  0.23271
    74  0    47  1    29  1   22   100.86  0.20833  0.04167  0.20682
   100  0    48  0    20  1   20    96.00  0.05127  0.08747  0.18492
    587    233    220
   12       29.7418415000
    68  0    48  1    31  1   11   101.18  0.13070  0.06240  0.14831
   104  1    80  1    63  1   12   524.16  0.11309  0.26153  0.06986
    82  0    46  0    21  1   10    79.21  0.31499  0.21037  0.12150
   114  1    78  1    60  1   10   533.52  0.33185  0.04700  0.28385
    90  1    74  1    66  1    7   439.56  0.17135  0.28040  0.27207
   112  0    54  1    36  1    9   217.73  0.18656  0.10591  0.23497
    71  1    64  1    54  1   12   245.38  0.09992  0.17508  0.28034
    74  0    53  1    33  1    8   129.43  0.22384  0.10299  0.14544
    75  1    62  1    57  1    5   265.05  0.17160  0.00748  0.22265
    68  1    62  1    52  1   14   219.23  0.33532  0.26262  0.05504
    64  1    49  1    47  1   11   147.39  0.24388  0.05523  0.33329
    60  1    39  1    36  1   14    84.24  0.29070  0.28872  0.18083
    587    233    220
   12       29.5644253000
   100  0    44  1    37  1    8   162.80  0.04050  0.29944  0.31222
    90  1    78  1    55  1    7   386.10  0.03236  0.14560  0.18286
    65  1    57  1    42  1   10   155.61  0.32235  0.07820  0.21015
    85  0    58  1    41  1    7   202.13  0.18979  0.00754  0.12017
    81  1    69  1    50  1   12   279.45  0.30917  0.05508  0.01674
    84  1    78  1    51  1    6   334.15  0.28462  0.06232  0.06930
   109  1    73  1    73  1    7   580.86  0.16640  0.18168  0.16309
    73  1    58  1    52  1   13   220.17  0.07254  0.32430  0.23180
    73  1    49  1    40  1   15   143.08  0.17625  0.25259  0.26056
   120  0    60  1    39  1    5   280.80  0.00167  0.05742  0.29507
   111  1    80  1    68  1    9   603.84  0.28681  0.20642  0.12811
    71  1    70  1    53  1    5   263.41  0.00429  0.25487  0.13854
    587    233    220
   12       29.8310965000
    43  1    40  1    39  1   12    67.08  0.00780  0.23390  0.03422
    97  0    76  1    40  1   11   294.88  0.26379  0.18752  0.21269
    67  1    63  1    47  1    8   198.39  0.23911  0.00060  0.18511
    98  0    57  1    38  1   10   212.27  0.18826  0.25630  0.17882
    73  0    71  0    27  1   10   139.94  0.28495  0.19642  0.11236
    66  1    56  1    41  1    8   151.54  0.19044  0.26778  0.22162
    82  1    75  1    72  1   11   442.80  0.28487  0.06908  0.29556
    93  0    71  1    43  1    7   283.93  0.15672  0.22646  0.27109
    95  0    35  1    28  1   10    93.10  0.16014  0.13510  0.21479
    88  1    72  1    68  1   10   430.85  0.06179  0.26559  0.08720
    88  0    85  0    35  1   15   261.80  0.10703  0.29407  0.00904
   100  1    83  1    69  1    6   572.70  0.20591  0.28359  0.22147
    587    233    220
   12       29.9193590000
    72  0    49  1    35  1    9   123.48  0.02411  0.07502  0.25752
    75  1    66  1    47  1    8   232.65  0.21376  0.21806  0.35529
    78  0    30  1    22  1   10    51.48  0.25902  0.05961  0.05264
   119  1    79  1    79  1    8   742.68  0.13265  0.00061  0.25156
    76  1    65  1    62  1   10   306.28  0.01463  0.19654  0.26791
   119  1    81  1    65  1   11   626.53  0.31144  0.03725  0.28066
    91  0    77  0    36  1   13   252.25  0.09290  0.19954  0.06403
   113  0    89  0    27  1   10   271.54  0.15479  0.04183  0.10870
    98  0    59  1    44  1    6   254.41  0.20586  0.13690  0.32983
    76  1    55  1    43  1   10   179.74  0.30616  0.18364  0.15980
    58  1    51  1    31  1    2    91.70  0.07321  0.22446  0.10309
    94  0    40  1    25  1   11    94.00  0.07475  0.01597  0.27334
    587    233    220
   12       29.9920380000
   104  0    55  1    30  1    6   171.60  0.21242  0.09019  0.25593
    92  1    89  1    73  1    9   597.72  0.26688  0.03678  0.28872
    88  0    88  0    43  1    7   332.99  0.15157  0.03281  0.15563
    90  1    60  1    60  1    8   324.00  0.21448  0.27871  0.20536
    79  1    53  1    41  1    8   171.67  0.03799  0.25111  0.34233
    96  0    91  0    28  1    6   244.61  0.30517  0.23380  0.27404
   100  1    90  1    79  1    4   711.00  0.32147  0.19328  0.32466
    73  0    42  1    32  1   12    98.11  0.30453  0.18652  0.20631
   115  1    85  1    60  1    5   586.50  0.26936  0.03474  0.07171
   113  1    83  1    76  1   11   712.80  0.19906  0.19666  0.08866
    68  0    50  1    31  1    4   105.40  0.33625  0.33721  0.21722
    70  0    41  1    30  1    7    86.10  0.33392  0.07650  0.30216
    587    233    220
   12       29.7584921000
    60  0    45  1    26  1   12    70.20  0.01978  0.11770  0.09152
    71  1    43  1    39  1   12   119.07  0.01878  0.17088  0.28929
    99  1    71  1    64  1    6   449.86  0.25515  0.14080  0.17958
    61  1    41  1    40  1    9   100.04  0.16753  0.18470  0.23044
    83  1    79  1    43  1   11   281.95  0.17564  0.17989  0.24590
    63  1    52  1    35  1    9   114.66  0.01220  0.09192  0.21883
    54  0    33  1    20  1   13    35.64  0.12264  0.07807  0.20494
    62  1    57  1    51  1   11   180.23  0.03516  0.23445  0.10265
    79  1    76  1    71  1   18   426.28  0.18458  0.12202  0.00383
    91  1    81  1    48  1   11   353.81  0.26339  0.00417  0.28843
    95  0    70  0    23  1   17   152.95  0.09106  0.03063  0.17836
   101  0    57  1    42  1   13   241.79  0.10832  0.27111  0.00440
    587    233    220
   12       29.7645211000
    97  1    77  1    66  1   10   492.95  0.25161  0.27581  0.25913
    81  1    69  1    69  1   16   385.64  0.03684  0.16806  0.20708
   109  0    53  0    24  1   14   138.65  0.24411  0.00455  0.23436
    98  0    33  1    20  1    8    64.68  0.25274  0.00772  0.18585
    86  0    56  1    34  1   12   163.74  0.03768  0.15229  0.14959
    76  0    50  1    35  1   12   133.00  0.22944  0.19712  0.21299
   109  0    42  1    22  1   11   100.72  0.12324  0.02341  0.01910
    82  1    69  1    42  1   12   237.64  0.09346  0.18549  0.11628
    58  1    43  1    31  1   11    77.31  0.28049  0.01496  0.07541
    99  0    80  1    48  1    8   380.16  0.07092  0.24507  0.03649
    89  0    68  1    39  1   13   236.03  0.13223  0.00402  0.27519
    74  1    53  1    40  1   11   156.88  0.20770  0.21827  0.12994
    587    233    220
   12       30.0305634000
   109  1    93  1    72  1    6   729.86  0.15679  0.25625  0.25721
    95  0    67  0    32  1    8   203.68  0.29543  0.12591  0.12366
   119  0    45  1    36  1   12   192.78  0.01606  0.10889  0.25301
    95  1    78  1    62  1   13   459.42  0.10368  0.02763  0.01771
   116  0    89  0    32  1    8   330.37  0.13877  0.14137  0.02893
    98  0    65  1    38  1   12   242.06  0.00880  0.12086  0.31655
    72  0    51  0    24  1   14    88.13  0.01157  0.24949  0.06342
   102  0    88  0    26  1   10   233.38  0.26267  0.21397  0.15780
    99  0    47  1    44  1   10   204.73  0.13284  0.26193  0.24962
   106  0    52  1    31  1   12   170.87  0.28062  0.00625  0.03918
    55  1    41  1    32  1    9    72.16  0.26873  0.29610  0.28185
    71  0    65  0    29  1   14   133.84  0.17538  0.07775  0.32192
    587    233    220
   12       30.0830811000
    89  1    78  1    50  1   10   347.10  0.22102  0.12306  0.27994
    73  1    65  1    46  1   10   218.27  0.10478  0.21482  0.28830
    94  0    66  1    39  1    7   241.96  0.11999  0.21923  0.20379
    66  1    59  1    42  1    4   163.55  0.22484  0.15141  0.06870
   106  1    93  1    70  1   10   690.06  0.25584  0.19753  0.30335
    80  1    71  1    62  1   16   352.16  0.17592  0.18671  0.04034
    60  0    36  1    26  1   12    56.16  0.02557  0.14369  0.10767
    72  0    31  1    31  1   11    69.19  0.16995  0.09678  0.05105
    63  0    63  0    31  1    8   123.04  0.30473  0.23470  0.19061
    74  0    39  1    23  1   11    66.38  0.10883  0.28631  0.29271
   105  0    72  1    52  1   11   393.12  0.08440  0.20906  0.11492
   101  0    76  1    45  1    6   345.42  0.30779  0.05698  0.14049
    587    233    220
   12       29.6391606000
    84  0    81  0    23  1   10   156.49  0.23277  0.15260  0.30900
   115  1    72  1    64  1   15   529.92  0.17538  0.19537  0.18721
    77  0    49  1    25  1   13    94.32  0.04690  0.24922  0.14197
    40  1    37  1    22  1   14    32.56  0.06748  0.29245  0.33111
    97  0    96  0    46  1    6   428.35  0.03916  0.07444  0.07029
    95  0    43  1    25  1    8   102.13  0.11827  0.02627  0.11007
    90  0    69  0    28  1   13   173.88  0.28668  0.27807  0.30108
    56  1    51  1    49  1   14   139.94  0.23660  0.33204  0.17847
   118  1    93  1    80  1    4   877.92  0.09524  0.27572  0.13972
    56  1    47  1    41  1   16   107.91  0.26214  0.33328  0.02849
    78  0    71  0    27  1   15   149.53  0.16876  0.07503  0.01819
    88  0    62  1    41  1   15   223.70  0.19085  0.01071  0.23496
    587    233    220
   12       29.9214452000
   113  0    80  0    29  1    9   262.16  0.26178  0.01197  0.14511
    98  1    65  1    62  1    8   394.94  0.20572  0.29650  0.27422
    60  1    59  1    46  1    8   162.84  0.17794  0.24952  0.05383
   100  1    97  1    64  1    8   620.80  0.15881  0.07471  0.18842
    99  0    88  0    23  1    7   200.38  0.00486  0.07663  0.08262
   106  0    49  1    33  1    8   171.40  0.22875  0.02366  0.13638
    78  0    54  1    30  1    6   126.36  0.08886  0.08659  0.25580
    71  1    68  1    41  1   14   197.95  0.29741  0.18726  0.04291
    83  0    80  0    35  1    8   232.40  0.20687  0.14048  0.29075
    99  0    55  0    27  1   11   147.01  0.22322  0.11197  0.00782
    91  0    51  1    43  1   14   199.56  0.10486  0.18639  0.29186
    99  1    78  1    72  1   10   555.98  0.28854  0.24759  0.21763
    587    233    220
   12       29.8438906000
    75  0    54  1    35  1   16   141.75  0.06743  0.11525  0.18198
   107  0    60  1    49  1   13   314.58  0.22358  0.07975  0.20211
    70  1    67  1    42  1   15   196.98  0.10804  0.17636  0.07476
    78  1    71  1    44  1    6   243.67  0.22815  0.19919  0.02511
    78  0    61  0    27  1   14   128.47  0.08496  0.09394  0.06489
    78  1    73  1    48  1    9   273.31  0.19805  0.05684  0.17782
   109  0    87  0    32  1   14   303.46  0.01950  0.07798  0.16768
    91  0    87  0    25  1   10   197.93  0.14223  0.17179  0.22124
    67  1    51  1    47  1   15   160.60  0.16337  0.15487  0.15178
    67  1    63  1    60  1   10   253.26  0.14128  0.09983  0.22637
   115  0    59  1    34  1   10   230.69  0.03826  0.00413  0.09236
   102  0    35  1    34  1   11   121.38  0.19943  0.00889  0.14350
    587    233    220
   12       30.0786554000
    86  0    71  1    41  1   16   250.35  0.06734  0.18577  0.19878
    75  1    58  1    58  1   16   252.30  0.02373  0.19347  0.05084
   100  0    81  0    27  1   14   218.70  0.12628  0.03162  0.23733
    59  0    42  1    24  1   12    59.47  0.16383  0.05177  0.12573
    69  0    37  1    30  1   17    76.59  0.15511  0.12867  0.02031
    63  1    50  1    36  1   15   113.40  0.15570  0.01281  0.17994
    96  0    72  0    34  1    4   235.01  0.00296  0.19180  0.12934
   111  0    71  0    29  1   15   228.55  0.27408  0.00988  0.17352
   102  1    67  1    53  1    8   362.20  0.11592  0.02310  0.23434
    71  0    34  1    32  1   16    77.25  0.29916  0.14698  0.01801
    88  1    75  1    53  1   16   349.80  0.12141  0.13926  0.19559
    50  1    46  1    42  1   12    96.60  0.15041  0.12711  0.07421
    587    233    220
   12       29.8495292000
   118  0    66  1    47  1    9   366.04  0.10513  0.08905  0.00142
    99  0    56  0    25  1   14   138.60  0.17167  0.06012  0.21287
    91  1    83  1    48  1   12   362.54  0.23460  0.29599  0.14567
   104  0    66  1    40  1    9   274.56  0.27417  0.26804  0.27185
    75  0    60  1    33  1    8   148.50  0.20261  0.29501  0.08032
   113  1    78  1    60  1   11   528.84  0.01564  0.05518  0.21060
    36  1    36  1    29  1    9    37.58  0.13683  0.23469  0.21282
    56  1    48  1    40  1   14   107.52  0.09043  0.05224  0.31148
    67  0    40  1    22  1    6    58.96  0.18780  0.23138  0.14085
    92  1    78  1    64  1   10   459.26  0.04397  0.06732  0.26812
    73  0    61  1    31  1    7   138.04  0.27234  0.08068  0.25743
    72  1    66  1    58  1   11   275.62  0.29709  0.09467  0.20867
    587    233    220
   12       30.0378859000
    62  1    59  1    52  1   19   190.22  0.23111  0.17342  0.06206
    54  1    52  1    50  1   12   140.40  0.11489  0.11797  0.17903
   102  1    69  1    65  1   10   457.47  0.02233  0.13169  0.00503
    97  0    76  1    46  1    7   339.11  0.05043  0.25934  0.28537
    52  1    50  1    37  1   18    96.20  0.26466  0.16834  0.25041
    93  0    85  0    23  1   17   181.82  0.18112  0.07536  0.00561
    90  0    38  1    38  1   12   129.96  0.00225  0.19867  0.26958
    66  1    60  1    40  1   21   158.40  0.24457  0.03631  0.12817
    38  1    31  1    26  1   17    30.63  0.13663  0.16098  0.20754
    86  0    60  1    36  1   12   185.76  0.29266  0.12417  0.24430
    92  0    47  1    34  1   15   147.02  0.10698  0.01141  0.21734
   103  0    69  0    22  1   20   156.35  0.11197  0.00542  0.21524
    587    233    220
   12       29.3866127000
    91  1    58  1    57  1   11   300.85  0.05804  0.21421  0.09025
    92  1    78  1    53  1    5   380.33  0.29496  0.28035  0.06949
   112  0    48  1    28  1   11   150.53  0.34635  0.26053  0.02823
    78  0    47  1    26  1   11    95.32  0.17126  0.04438  0.03589
    41  1    40  1    28  1    8    45.92  0.00066  0.13013  0.10604
    57  1    47  1    32  1   14    85.73  0.10048  0.10352  0.01982
    54  1    47  1    40  1   11   101.52  0.29854  0.32038  0.24624
    85  0    80  0    25  1    9   170.00  0.31089  0.06229  0.19451
    89  1    86  1    54  1   11   413.32  0.21786  0.20793  0.30994
   118  1    94  1    68  1   13   754.26  0.32520  0.18885  0.04252
    98  0    63  1    36  1    9   222.26  0.30198  0.05539  0.19249
    81  0    42  1    38  1    7   129.28  0.31913  0.15974  0.30728
    587    233    220
   12       29.7109842000
    64  0    53  1    32  1    9   108.54  0.13168  0.28033  0.08938
    51  1    42  1    28  1   15    59.98  0.02066  0.00372  0.07505
    49  1    32  1    30  1   11    47.04  0.06015  0.22462  0.28278
   109  1    68  1    59  1   17   437.31  0.04779  0.17651  0.03451
    66  0    43  1    32  1    9    90.82  0.26588  0.22920  0.09311
   120  0    71  1    47  1    5   400.44  0.12357  0.03783  0.14255
   109  0    57  1    41  1   13   254.73  0.29890  0.17567  0.32512
   100  0    70  0    28  1   14   196.00  0.12406  0.15506  0.20507
    76  1    70  1    51  1   10   271.32  0.05385  0.28855  0.25082
    85  0    40  1    26  1   11    88.40  0.22975  0.12483  0.31278
    79  1    71  1    55  1    8   308.49  0.07345  0.01596  0.08858
    93  1    73  1    55  1   13   373.39  0.28426  0.09269  0.08563
    587    233    220
   12       29.9400359000
    70  1    63  1    49  1   13   216.09  0.17830  0.21883  0.11323
    84  1    54  1    49  1   12   222.26  0.22749  0.01888  0.08269
    89  0    70  1    42  1   13   261.66  0.23351  0.15705  0.03036
    80  0    48  1    39  1    9   149.76  0.24570  0.12942  0.09659
   114  0    47  1    42  1   14   225.04  0.18876  0.02694  0.22775
    92  0    62  1    34  1   15   193.94  0.24607  0.07932  0.10742
    72  1    66  1    43  1    9   204.34  0.03092  0.06791  0.24833
   120  0    55  1    46  1   13   303.60  0.07832  0.10343  0.04876
   106  0    62  0    25  1   17   164.30  0.22228  0.15831  0.05641
    72  0    53  1    34  1   10   129.74  0.10955  0.10702  0.19951
    74  0    44  1    35  1    8   113.96  0.01542  0.11639  0.16167
   103  0    71  0    28  1   14   204.76  0.11288  0.19728  0.04119
    587    233    220
   12       30.0460636000
    95  0    76  1    44  1   12   317.68  0.06988  0.25267  0.00586
    81  0    47  1    34  1   17   129.44  0.13822  0.19740  0.21214
    71  0    52  1    30  1   13   110.76  0.15155  0.03528  0.17614
    96  0    52  1    28  1   18   139.78  0.02021  0.15997  0.23620
   104  0    80  1    50  1    9   416.00  0.02717  0.12641  0.01835
    77  1    64  1    57  1   12   280.90  0.12313  0.16015  0.00344
    75  0    45  1    36  1   20   121.50  0.24107  0.23039  0.01743
    65  1    49  1    39  1   20   124.21  0.00634  0.28130  0.01916
    70  1    49  1    41  1   13   140.63  0.21417  0.02650  0.15051
   111  0    44  1    42  1   13   205.13  0.11978  0.00119  0.19305
   108  0    94  1    51  1    6   517.75  0.10491  0.13307  0.26648
    43  1    40  1    26  1   10    44.72  0.07155  0.16854  0.19327
    587    233    220
   12       29.9964815000
    40  1    36  1    21  1    9    30.24  0.03460  0.07514  0.27727
    76  0    45  1    31  1   10   106.02  0.25251  0.13578  0.27209
    63  1    54  1    51  1    9   173.50  0.16979  0.06951  0.26626
   114  1    77  1    69  1   14   605.68  0.32572  0.33974  0.03848
    95  1    57  1    53  1   12   286.99  0.32549  0.27195  0.12755
    92  0    36  1    20  1   15    66.24  0.05683  0.20257  0.30629
    90  1    84  1    47  1   10   355.32  0.31387  0.19012  0.06063
    84  0    69  0    24  1   15   139.10  0.17928  0.06185  0.12508
    57  1    35  1    35  1   11    69.82  0.31426  0.24309  0.14177
    78  1    76  1    50  1   10   296.40  0.06627  0.22721  0.01940
    81  0    67  1    37  1   16   200.80  0.12558  0.17618  0.31144
    73  1    51  1    43  1   10   160.09  0.08222  0.26266  0.03586
    587    233    220
   12       29.9920797000
    68  0    35  1    27  1    8    64.26  0.00588  0.00287  0.19467
   118  0    57  1    43  1    6   289.22  0.18375  0.13388  0.24914
    73  0    72  0    36  1   10   189.22  0.29989  0.27513  0.20287
    85  1    58  1    50  1    9   246.50  0.10247  0.03656  0.06062
    86  0    56  1    33  1   13   158.93  0.12263  0.21994  0.20947
    99  0    44  1    31  1    9   135.04  0.30018  0.10923  0.00386
    93  1    54  1    49  1    7   246.08  0.03463  0.14229  0.27397
    89  0    69  0    26  1    6   159.67  0.03639  0.04455  0.29409
    98  1    90  1    74  1   16   652.68  0.13628  0.11391  0.12695
    58  1    48  1    46  1   11   128.06  0.22796  0.03932  0.08395
    56  0    55  0    22  1    6    67.76  0.10903  0.00799  0.12197
   104  1    63  1    59  1   14   386.57  0.11565  0.29426  0.14890
    587    233    220
   12       29.9516081000
   100  0    33  1    31  1    6   102.30  0.10063  0.18236  0.06882
    84  0    68  1    42  1   14   239.90  0.05828  0.06507  0.12269
    95  0    84  0    31  1    9   247.38  0.02457  0.00047  0.20791
    57  1    39  1    30  1   11    66.69  0.20449  0.22272  0.22051
    76  1    71  1    60  1   13   323.76  0.14259  0.08147  0.15300
    71  1    68  1    46  1   18   222.09  0.09299  0.01971  0.00112
   109  0    51  1    26  1   17   144.53  0.10278  0.01640  0.01069
   109  0    54  1    45  1    9   264.87  0.06959  0.16304  0.03469
    84  0    55  1    29  1   17   133.98  0.19235  0.01750  0.20937
   104  0    66  0    20  1    7   137.28  0.20975  0.19434  0.09167
   119  0    76  1    39  1   13   352.72  0.13621  0.01051  0.02539
    75  1    74  1    43  1    9   238.65  0.09530  0.01748  0.08229
    587    233    220
   12       30.0078570000
    41  1    39  1    26  1   15    41.57  0.33667  0.24473  0.17159
   110  0    40  1    34  1   12   149.60  0.09134  0.12673  0.12367
    94  1    77  1    52  1    7   376.38  0.10596  0.23190  0.14872
   119  1    96  1    71  1   11   811.10  0.21718  0.18516  0.04134
    67  1    63  1    47  1    7   198.39  0.08793  0.20617  0.13649
    61  1    43  1    31  1   17    81.31  0.23188  0.15455  0.00656
    72  0    53  1    35  1   13   133.56  0.26865  0.27013  0.11800
    64  1    38  1    38  1    9    92.42  0.09077  0.17337  0.06421
   110  0    71  1    45  1    5   351.45  0.25188  0.09723  0.18811
    73  1    71  1    52  1    8   269.52  0.31099  0.28170  0.35322
    95  1    92  1    55  1   10   480.70  0.01896  0.26834  0.34019
    86  0    74  0    31  1   10   197.28  0.25362  0.05855  0.23948
    587    233    220
   12       29.7224402000
    98  0    73  1    44  1    9   314.78  0.08202  0.04466  0.07961
    60  1    60  1    38  1    9   136.80  0.14936  0.03938  0.05956
   105  1    73  1    60  1   10   459.90  0.21625  0.05849  0.14761
    90  1    77  1    52  1    6   360.36  0.09518  0.19674  0.11353
    66  0    58  0    24  1   17    91.87  0.17489  0.07462  0.25794
   106  1    76  1    55  1   11   443.08  0.25277  0.19149  0.24037
    55  1    44  1    36  1   12    87.12  0.30745  0.10307  0.08378
    82  0    58  0    23  1    9   109.39  0.02289  0.27388  0.06573
    74  1    61  1    58  1   13   261.81  0.22758  0.02363  0.27761
    81  0    39  1    24  1    9    75.82  0.13895  0.01646  0.26405
    71  1    65  1    39  1    6   179.99  0.21664  0.00063  0.04423
   105  0    97  0    47  1   11   478.70  0.27917  0.17443  0.23844
    587    233    220
   12       29.7634094000
   104  0    94  1    50  1    6   488.80  0.14312  0.03753  0.14730
   102  0    87  0    36  1   11   319.46  0.18800  0.11154  0.08842
   115  0    42  1    33  1   15   159.39  0.16227  0.07388  0.22320
    61  1    58  1    32  1    8   113.22  0.03454  0.00147  0.00624
    70  1    62  1    48  1    6   208.32  0.18377  0.27618  0.23885
    91  1    79  1    78  1   17   560.74  0.03076  0.16915  0.10287
    90  1    57  1    53  1    5   271.89  0.10941  0.00356  0.23921
    78  0    68  0    25  1    8   132.60  0.25091  0.14571  0.18328
    77  1    44  1    39  1   11   132.13  0.22535  0.11271  0.11407
    97  1    89  1    56  1    8   483.45  0.04630  0.27519  0.28191
    58  0    38  1    26  1   18    57.30  0.01177  0.17506  0.16779
    64  1    44  1    33  1    5    92.93  0.22977  0.16687  0.00423
    587    233    220
   12       29.9938797000
    89  1    56  1    45  1   17   224.28  0.07124  0.09651  0.03254
    53  1    37  1    34  1   18    66.67  0.00839  0.04799  0.23614
    54  0    35  1    25  1   15    47.25  0.19876  0.19344  0.15270
    73  0    39  1    33  1   24    93.95  0.04822  0.10048  0.06445
    73  1    39  1    38  1   11   108.19  0.19242  0.12609  0.00547
    50  1    42  1    29  1   19    60.90  0.01752  0.18028  0.24111
    62  1    59  1    54  1   12   197.53  0.00083  0.09557  0.01120
    98  0    53  1    44  1   16   228.54  0.00661  0.08603  0.10280
    94  0    32  1    31  1   16    93.25  0.01013  0.18873  0.24106
    97  0    64  0    28  1   16   173.82  0.23404  0.08730  0.07257
   102  0    77  1    42  1   14   329.87  0.23591  0.03699  0.10137
    80  1    75  1    44  1   18   264.00  0.04918  0.01097  0.20870
    587    233    220
   12       29.9934715000
    85  1    77  1    62  1    8   405.79  0.14893  0.14986  0.26443
    94  0    63  1    32  1    8   189.50  0.26304  0.28665  0.25410
    83  1    75  1    45  1    5   280.13  0.28440  0.28705  0.10012
    95  1    95  1    54  1    5   487.35  0.14165  0.21588  0.07855
    76  0    76  0    30  1   13   173.28  0.14362  0.31716  0.11665
   113  0    66  1    44  1   13   328.15  0.32027  0.20544  0.20433
   108  1    71  1    61  1   10   467.75  0.05581  0.26640  0.01729
   118  0    62  1    37  1    8   270.69  0.31802  0.21226  0.22566
    93  1    58  1    48  1   12   258.91  0.31306  0.08053  0.07290
    60  0    32  1    29  1   12    55.68  0.19539  0.20862  0.19155
    97  1    75  1    59  1    8   429.23  0.16383  0.14482  0.08480
   105  0    56  1    35  1    4   205.80  0.02428  0.18420  0.07819
    587    233    220
   12       29.9638599000
   109  1    80  1    68  1    6   592.96  0.12029  0.23091  0.24284
    90  0    45  1    31  1   15   125.55  0.02411  0.22720  0.16471
    66  1    56  1    34  1   12   125.66  0.06200  0.03503  0.18709
    76  0    66  1    34  1    7   170.54  0.10507  0.11397  0.33659
   111  0    80  1    53  1   10   470.64  0.00559  0.21742  0.22303
    86  0    59  0    29  1   16   147.15  0.18562  0.03262  0.05168
    80  1    72  1    63  1   12   362.88  0.22822  0.08551  0.01786
    81  0    47  0    22  1   12    83.75  0.16520  0.13092  0.31835
   114  1    80  1    64  1    8   583.68  0.31030  0.32311  0.20266
    90  0    37  1    32  1   12   106.56  0.12035  0.09276  0.24458
    75  1    48  1    40  1   12   144.00  0.22062  0.04229  0.03544
    67  1    52  1    45  1   11   156.78  0.16283  0.04478  0.24819
    587    233    220
   12       29.9019008000
    76  1    74  1    50  1   16   281.20  0.09244  0.00354  0.07226
    86  0    40  1    29  1    7    99.76  0.26294  0.13323  0.11723
    66  1    55  1    48  1    9   174.24  0.24616  0.06352  0.09829
    75  0    57  1    37  1    5   158.18  0.26279  0.28436  0.23369
   102  0    83  0    29  1    7   245.51  0.11600  0.10090  0.25078
    74  1    58  1    52  1    9   223.18  0.09064  0.11034  0.08937
    89  0    65  1    36  1   12   208.26  0.16276  0.18687  0.02982
    99  1    68  1    67  1   16   451.04  0.20982  0.24619  0.18869
    80  1    78  1    66  1    8   411.84  0.26186  0.20833  0.08543
    65  1    57  1    45  1   12   166.73  0.18899  0.25328  0.24299
   112  0    59  1    30  1    6   198.24  0.19263  0.15293  0.28772
    79  1    75  1    68  1    6   402.90  0.25713  0.16234  0.21093
    587    233    220
   12       29.5906424000
    82  1    80  1    71  1   10   465.76  0.15402  0.25383  0.19002
    66  0    37  1    27  1    6    65.93  0.29248  0.01519  0.10891
    77  0    76  0    31  1    4   181.41  0.22162  0.04139  0.00063
   100  0    56  1    38  1    8   212.80  0.00299  0.03553  0.02768
    93  1    86  1    67  1    9   535.87  0.05138  0.28898  0.22808
    89  0    76  0    30  1   11   202.92  0.18529  0.06146  0.13767
    98  1    90  1    67  1    5   590.94  0.05814  0.24441  0.24963
    87  0    52  1    42  1   16   190.01  0.21691  0.27864  0.05885
    53  1    42  1    35  1   10    77.91  0.02912  0.27086  0.11584
   116  0    53  1    36  1   13   221.33  0.05005  0.04661  0.09675
    85  1    79  1    46  1    7   308.89  0.28338  0.01342  0.27082
   106  0    91  0    24  1   14   231.50  0.02815  0.12967  0.25802
    587    233    220
   12       30.0037860000
   114  0    67  0    25  1   16   190.95  0.22491  0.09303  0.04150
    92  0    79  0    25  1   15   181.70  0.14711  0.20702  0.13649
    89  0    87  0    36  1    9   278.75  0.24697  0.08209  0.16945
    95  0    71  1    36  1   17   242.82  0.25683  0.09578  0.09864
    90  0    83  1    43  1   13   321.21  0.01325  0.17323  0.21333
    93  0    39  1    28  1    7   101.56  0.16023  0.27242  0.02643
    69  0    54  1    31  1   10   115.51  0.21785  0.22388  0.21098
   107  0    61  1    37  1   13   241.50  0.00747  0.06268  0.10162
    98  0    52  1    40  1   12   203.84  0.00746  0.20035  0.15781
    83  1    69  1    60  1   10   343.62  0.13059  0.15666  0.23458
    98  1    63  1    58  1    6   358.09  0.04061  0.08073  0.01475
    45  1    40  1    26  1    8    46.80  0.01794  0.08954  0.15744
    587    233    220
   12       29.8601716000
    63  0    55  1    31  1   12   107.42  0.08092  0.24349  0.00913
   120  0    43  1    23  1   10   118.68  0.02171  0.24094  0.28626
    97  1    72  1    57  1   17   398.09  0.03356  0.03161  0.17774
    77  1    76  1    42  1   21   245.78  0.10104  0.23027  0.09111
    93  0    74  0    20  1   18   137.64  0.08511  0.24520  0.24385
    65  1    63  1    43  1    8   176.09  0.16050  0.02299  0.24619
   108  0    71  1    40  1    9   306.72  0.28598  0.01480  0.28721
    79  0    36  1    21  1   15    59.72  0.10139  0.23082  0.02792
    68  0    62  0    26  1   11   109.62  0.17240  0.08090  0.21256
    68  1    50  1    40  1   17   136.00  0.18591  0.06981  0.23200
    79  0    42  1    31  1   16   102.86  0.05926  0.10432  0.04771
    76  0    56  1    38  1   17   161.73  0.10697  0.02417  0.06160
    587    233    220
   12       29.8541516000
    86  0    58  1    36  1    8   179.57  0.12795  0.11733  0.08736
    71  0    69  0    22  1    5   107.78  0.31947  0.26167  0.13281
   108  0    78  1    54  1   11   454.90  0.07714  0.23052  0.04912
   104  1    58  1    57  1    9   343.82  0.23121  0.25994  0.04733
    96  1    65  1    58  1    9   361.92  0.28649  0.26716  0.05291
    58  0    37  1    26  1   11    55.80  0.13660  0.27975  0.10574
    73  1    72  1    49  1    8   257.54  0.28152  0.09731  0.17289
    98  1    67  1    56  1    5   367.70  0.30134  0.00516  0.12632
   117  0    89  0    23  1    9   239.50  0.19982  0.00524  0.17242
   109  1    76  1    73  1    9   604.73  0.29837  0.18640  0.19794
    95  0    61  1    34  1    7   197.03  0.23596  0.31729  0.04807
   106  0    73  1    49  1    8   379.16  0.14310  0.03111  0.27196
    587    233    220
   12       29.9631476000
   118  0    54  1    42  1   11   267.62  0.00399  0.00476  0.13794
   112  0    95  0    20  1   11   212.80  0.02092  0.07563  0.10652
   118  0    38  1    37  1   13   165.91  0.15199  0.03215  0.25173
    76  0    38  1    38  1   17   109.74  0.03533  0.12710  0.03617
   100  0    56  1    34  1    9   190.40  0.12138  0.02487  0.17612
   100  0    73  1    50  1   13   365.00  0.02311  0.09031  0.06131
    75  0    58  1    36  1   14   156.60  0.23740  0.12403  0.20163
    76  1    51  1    41  1    6   158.92  0.10540  0.09441  0.11136
    82  0    75  1    39  1   15   239.85  0.02505  0.19234  0.18236
    84  1    76  1    44  1   11   280.90  0.18097  0.22184  0.04317
    80  1    68  1    50  1   12   272.00  0.07481  0.03101  0.01466
    61  0    46  1    28  1   14    78.57  0.11681  0.11987  0.23571
    587    233    220
   12       29.9351036000
    59  1    49  1    48  1    4   138.77  0.06482  0.21512  0.15851
    79  1    63  1    46  1    7   228.94  0.03257  0.17863  0.14645
    95  0    58  1    38  1    9   209.38  0.01811  0.06724  0.10223
    95  0    79  1    47  1   11   352.73  0.20935  0.09672  0.17200
    72  0    46  1    27  1   10    89.42  0.25322  0.17027  0.02582
    88  1    74  1    72  1    9   468.86  0.05368  0.11688  0.06896
    90  1    77  1    67  1    9   464.31  0.10709  0.08236  0.12055
    96  0    59  1    36  1   10   203.90  0.22729  0.15997  0.24146
    62  1    55  1    46  1    9   156.86  0.14635  0.00657  0.05019
    92  0    77  1    43  1   17   304.61  0.00556  0.24996  0.22673
   100  0    66  1    41  1    8   270.60  0.18555  0.23862  0.14593
    76  1    72  1    44  1    8   240.77  0.18880  0.18448  0.06638
    587    233    220
   12       29.7769427000
    91  0    54  1    45  1   11   221.13  0.02578  0.08779  0.10713
   105  1    77  1    72  1    6   582.12  0.32506  0.04988  0.25717
    79  1    78  1    48  1   14   295.78  0.25335  0.13801  0.09372
   109  1    76  1    59  1    5   488.76  0.26151  0.31788  0.02114
    48  1    37  1    30  1    7    53.28  0.21317  0.21914  0.07349
    44  1    37  1    27  1    9    43.96  0.09928  0.22964  0.00963
    79  1    76  1    54  1   11   324.22  0.24931  0.03311  0.30670
   116  0    78  0    20  1    3   180.96  0.28770  0.27533  0.11912
   101  0    71  1    49  1    9   351.38  0.18980  0.07657  0.15446
   102  0   100  0    49  1    8   499.80  0.03146  0.01437  0.11156
   105  0    43  1    22  1   14    99.33  0.30267  0.21611  0.19266
   107  1    84  1    61  1    7   548.27  0.13186  0.07862  0.01051
    587    233    220
   12       30.0342619000
    60  1    40  1    32  1   13    76.80  0.01590  0.22001  0.02612
    98  1    75  1    55  1   14   404.25  0.05477  0.07837  0.03959
    60  1    59  1    39  1   19   138.06  0.28884  0.07134  0.04951
    81  0    56  1    40  1   18   181.44  0.04453  0.17077  0.04423
   119  0    34  1    25  1   14   101.15  0.11431  0.25093  0.01331
   107  0    61  1    42  1    9   274.13  0.21767  0.13023  0.20401
   108  0    85  0    20  1    8   183.60  0.15360  0.24300  0.10965
    97  0    66  1    45  1   13   288.09  0.16774  0.12139  0.15693
    66  0    35  1    26  1   18    60.06  0.08448  0.20715  0.06949
    69  0    32  1    20  1   20    44.16  0.12160  0.14068  0.28507
    78  0    63  1    38  1   16   186.73  0.10884  0.00886  0.20501
    95  0    77  1    47  1   10   343.80  0.24553  0.02189  0.15474
    587    233    220
   12       30.0305247000
    66  1    64  1    36  1   11   152.06  0.03552  0.08417  0.02893
    97  1    73  1    49  1   13   346.97  0.04535  0.13047  0.12069
    69  1    60  1    43  1   23   178.02  0.15214  0.28301  0.17559
    52  0    37  1    20  1   17    38.48  0.04751  0.28679  0.01368
   109  0    63  1    37  1   18   254.08  0.08134  0.20387  0.19262
    79  0    57  0    24  1   20   108.07  0.24538  0.00163  0.00016
    95  0    72  0    22  1   18   150.48  0.14228  0.18145  0.02095
    65  1    50  1    39  1   17   126.75  0.02815  0.01373  0.03614
    98  0    42  1    30  1   17   123.48  0.11585  0.08916  0.20368
    53  1    40  1    36  1   14    76.32  0.16797  0.05553  0.00897
    82  1    54  1    51  1   15   225.83  0.28417  0.09694  0.17376
    77  0    33  1    31  1   12    78.77  0.13526  0.28810  0.15345
    587    233    220
   12       29.9866795000
    96  0    72  0    31  1   10   214.27  0.12012  0.33357  0.31127
    75  1    72  1    47  1   14   253.80  0.31721  0.27419  0.28119
    80  0    25  1    20  1   11    40.00  0.16857  0.05674  0.16799
   114  1    94  1    61  1   11   653.68  0.13153  0.30987  0.31612
   100  0    40  1    39  1   11   156.00  0.07486  0.02192  0.06510
    72  1    51  1    48  1   11   176.26  0.14667  0.26381  0.16495
    36  1    28  1    24  1    7    24.19  0.11642  0.08974  0.00700
    85  0    58  1    35  1   16   172.55  0.28091  0.26520  0.24888
    85  1    84  1    58  1    8   414.12  0.31069  0.09944  0.33606
    95  0    48  0    24  1   17   109.44  0.30897  0.33892  0.19907
   115  0    70  0    25  1   10   201.25  0.02624  0.25907  0.16283
   108  0    49  1    42  1   13   222.26  0.32182  0.14881  0.30593
    587    233    220
   12       29.8699408000
    78  0    37  1    27  1   11    77.92  0.09026  0.25817  0.05716
    89  0    70  0    25  1   18   155.75  0.00565  0.14183  0.03076
    90  0    84  0    41  1    7   309.96  0.30115  0.19981  0.04848
    85  0    75  1    42  1   11   267.75  0.23775  0.29150  0.11487
    91  0    77  1    44  1   10   308.31  0.01738  0.04662  0.29020
   114  1    87  1    71  1    9   704.18  0.09326  0.04099  0.15649
    90  0    37  1    25  1   10    83.25  0.17417  0.07383  0.14995
   105  1    80  1    77  1    5   646.80  0.04003  0.12070  0.15230
    74  1    71  1    50  1   10   262.70  0.13541  0.13189  0.18880
    62  1    57  1    55  1   12   194.37  0.02416  0.15362  0.06092
    89  0    45  1    26  1    8   104.13  0.32705  0.06940  0.17607
    65  1    54  1    47  1   11   164.97  0.30698  0.02664  0.12989
    587    233    220
   12       30.0603270000
    99  0    68  0    23  1   20   154.84  0.25355  0.00781  0.08059
    68  1    52  1    40  1   18   141.44  0.01219  0.02105  0.15771
   101  1    66  1    61  1   16   406.63  0.01904  0.03021  0.27214
    57  0    56  0    22  1   13    70.22  0.05836  0.11892  0.02014
    81  1    54  1    47  1   15   205.58  0.26872  0.08933  0.08603
    86  0    34  1    25  1   19    73.10  0.27705  0.16743  0.06772
    54  0    46  1    27  1   16    67.07  0.05527  0.23621  0.09790
    95  0    65  1    34  1   14   209.95  0.17001  0.13234  0.29230
   105  0    57  1    29  1   13   173.57  0.16333  0.21075  0.06343
   120  0    63  0    28  1   12   211.68  0.09057  0.22440  0.02482
    64  1    62  1    42  1   14   166.66  0.19253  0.16019  0.07591
    78  0    65  0    21  1   13   106.47  0.10922  0.01600  0.09838
    587    233    220
   12       30.0139427000
   100  0    94  0    28  1   15   263.20  0.25825  0.18676  0.14773
    81  1    78  1    66  1   13   416.99  0.17696  0.15235  0.21842
   111  0    49  0    21  1    9   114.22  0.12153  0.19739  0.10939
   119  0    63  1    37  1   16   277.39  0.09244  0.22597  0.04608
    72  0    50  1    30  1   10   108.00  0.23415  0.10556  0.13170
    58  1    58  1    40  1   13   134.56  0.02551  0.19553  0.06020
   108  0    55  1    29  1    9   172.26  0.18132  0.03962  0.07104
    54  1    49  1    38  1    8   100.55  0.12105  0.14014  0.20421
    69  1    46  1    44  1   17   139.66  0.13064  0.04902  0.14502
    88  1    71  1    61  1   10   381.13  0.18679  0.18480  0.17870
    83  0    58  1    35  1    8   168.49  0.14927  0.03555  0.23933
   108  0    77  0    37  1    8   307.69  0.12082  0.14583  0.18581
    587    233    220
   12       30.0844639000
    90  0    41  1    34  1   26   125.46  0.21138  0.26351  0.04493
    64  0    32  1    28  1   19    57.34  0.25286  0.22914  0.21941
    42  1    31  1    31  1   14    40.36  0.06428  0.11663  0.18345
    94  0    90  0    44  1   11   372.24  0.23269  0.08907  0.26499
    68  1    63  1    53  1   12   227.05  0.08363  0.08821  0.11778
    55  0    30  1    21  1   23    34.65  0.23640  0.16682  0.05577
    72  0    64  0    31  1   20   142.85  0.20097  0.19816  0.24538
    75  0    56  1    34  1   15   142.80  0.06967  0.07818  0.09749
    62  0    34  1    31  1   18    65.35  0.22626  0.08946  0.09922
    79  0    55  1    32  1   19   139.04  0.10460  0.04096  0.03829
    99  0    74  0    27  1   22   197.80  0.07934  0.07243  0.03774
    89  1    54  1    48  1   19   230.69  0.17806  0.09801  0.09484
    587    233    220
   12       29.8758983000
    85  0    73  1    40  1    5   248.20  0.18285  0.12047  0.22193
    73  1    62  1    54  1    9   244.40  0.30882  0.22842  0.14595
    90  0    63  1    41  1    9   232.47  0.26717  0.29759  0.06968
    75  0    61  0    24  1   13   109.80  0.16979  0.26569  0.09800
    57  1    53  1    44  1   10   132.92  0.17900  0.16774  0.01034
    93  0    70  1    45  1    8   292.95  0.23843  0.03986  0.13532
    73  0    36  1    33  1    8    86.72  0.25948  0.13848  0.13436
    95  1    80  1    75  1    7   570.00  0.05194  0.33474  0.27650
    93  1    89  1    78  1    7   645.61  0.06126  0.31673  0.27499
   113  1    87  1    65  1    6   639.02  0.09971  0.22400  0.11207
    72  0    46  1    30  1   13    99.36  0.05968  0.20737  0.03657
   100  1    78  1    70  1    9   546.00  0.04819  0.33876  0.29934
    587    233    220
   12       29.6579241000
   105  0    81  1    46  1   18   391.23  0.23879  0.21995  0.03377
   115  1    81  1    61  1    6   568.22  0.00215  0.21677  0.01536
    72  0    51  0    23  1   12    84.46  0.02428  0.30732  0.19730
    65  1    56  1    33  1    9   120.12  0.24275  0.32340  0.21756
    60  0    44  0    21  1   10    55.44  0.25773  0.17448  0.26628
    85  1    69  1    65  1   11   381.23  0.33759  0.32564  0.29769
    90  0    82  0    35  1    6   258.30  0.02735  0.07153  0.25205
   115  1    94  1    64  1    8   691.84  0.23209  0.12403  0.07560
    80  0    53  1    33  1   10   139.92  0.34133  0.06168  0.25688
    95  0    81  0    37  1    6   284.71  0.34263  0.23931  0.00226
    66  1    46  1    45  1    8   136.62  0.07155  0.18837  0.29599
   109  0    36  1    25  1   11    98.10  0.13429  0.30832  0.02531
    587    233    220
   12       29.9710780000
    76  1    52  1    46  1   13   181.79  0.01005  0.21419  0.21302
    66  0    59  1    31  1   15   120.71  0.20144  0.18163  0.03627
    62  1    55  1    44  1   18   150.04  0.12846  0.23958  0.21086
    95  0    46  1    36  1   12   157.32  0.14377  0.18931  0.08805
    63  1    59  1    35  1    7   130.10  0.14652  0.32466  0.21991
   100  0    37  1    32  1    7   118.40  0.31572  0.09118  0.22044
    91  0    54  1    37  1   11   181.82  0.01480  0.27431  0.23363
    49  1    44  1    36  1   14    77.62  0.07563  0.05746  0.05541
   109  0    66  1    49  1   15   352.51  0.24701  0.18966  0.08060
    69  0    48  1    27  1   15    89.42  0.26152  0.15132  0.22718
   109  1    85  1    62  1   15   574.43  0.18704  0.09206  0.17459
    48  1    47  1    42  1   12    94.75  0.23898  0.03840  0.25310
    587    233    220
   12       29.9248486000
    78  1    72  1    58  1   10   325.73  0.19577  0.05001  0.14344
   107  1    57  1    57  1   11   347.64  0.10054  0.07812  0.08573
    72  1    64  1    37  1   15   170.50  0.18510  0.08665  0.31082
    93  0    66  0    26  1   13   159.59  0.25757  0.25495  0.21149
   116  0    67  1    35  1   12   272.02  0.06487  0.07915  0.11429
   101  0    56  1    39  1   11   220.58  0.00482  0.10409  0.02183
   108  0   100  0    39  1    9   421.20  0.03602  0.00194  0.20764
    64  1    55  1    33  1    9   116.16  0.23244  0.07155  0.03950
    73  1    65  1    53  1    7   251.49  0.28659  0.06471  0.09336
   106  0    41  1    35  1   10   152.11  0.03747  0.25078  0.07929
    82  0    78  0    28  1   11   179.09  0.21038  0.10002  0.22319
    79  1    59  1    58  1    9   270.34  0.19817  0.27908  0.29490
    587    233    220
   12       29.6062290000
   109  1    68  1    64  1    5   474.37  0.26755  0.12080  0.30555
    84  1    58  1    55  1    5   267.96  0.24609  0.09640  0.19809
    96  0    83  0    24  1    8   191.23  0.05396  0.11491  0.06199
    74  0    67  1    37  1   11   183.45  0.29472  0.31591  0.29663
   107  1    73  1    70  1    7   546.77  0.30522  0.13185  0.26986
    80  1    73  1    54  1    7   315.36  0.02748  0.08728  0.02030
    72  0    41  1    33  1   13    97.42  0.20455  0.09480  0.18317
    84  1    79  1    74  1    6   491.06  0.17700  0.15723  0.09299
    40  0    37  1    20  1   12    29.60  0.15715  0.29205  0.15342
    74  1    73  1    42  1    6   226.88  0.10637  0.09851  0.02849
    55  1    48  1    33  1    9    87.12  0.12008  0.00379  0.28733
   109  1    74  1    70  1   17   564.62  0.10086  0.25522  0.21640
    587    233    220
   12       29.5932471000
    70  1    63  1    50  1   14   220.50  0.16937  0.20944  0.02308
   100  0    53  1    34  1    9   180.20  0.10376  0.06427  0.29080
    93  0    78  1    45  1    7   326.43  0.07143  0.03075  0.12941
   100  0    55  1    48  1   11   264.00  0.09809  0.30186  0.01151
    98  1    73  1    50  1    9   357.70  0.29793  0.04039  0.00532
    69  1    45  1    43  1   11   133.51  0.14542  0.13596  0.01841
    43  1    42  1    36  1    7    65.02  0.17226  0.05389  0.25312
   104  1    92  1    63  1   11   602.78  0.30762  0.09858  0.09007
    93  0    36  1    26  1   11    87.05  0.01052  0.13672  0.22905
    50  1    45  1    41  1   17    92.25  0.25705  0.26956  0.02070
   119  0    67  1    50  1    9   398.65  0.04458  0.14553  0.07450
    82  0    49  1    30  1   15   120.54  0.30831  0.30062  0.03435
    587    233    220
   12       29.8654198000
    82  1    76  1    59  1    8   367.69  0.13625  0.29159  0.19396
    60  1    51  1    50  1   11   153.00  0.18297  0.13400  0.01560
   104  1    66  1    61  1    6   418.70  0.31419  0.04690  0.25165
    71  0    36  1    28  1   11    71.57  0.28916  0.22920  0.05998
    89  0    77  0    26  1    5   178.18  0.03670  0.28668  0.08202
   108  1    84  1    66  1    8   598.75  0.22002  0.13817  0.16772
    90  0    51  1    45  1   12   206.55  0.12600  0.07780  0.27808
    48  1    35  1    33  1   10    55.44  0.27427  0.13094  0.04241
    89  1    57  1    52  1    8   263.80  0.31085  0.26415  0.06240
    99  1    77  1    58  1    6   442.13  0.28297  0.26654  0.11789
    92  1    86  1    66  1    9   522.19  0.10525  0.16100  0.14461
    93  0    80  1    46  1   11   342.24  0.10316  0.16885  0.27485
    587    233    220
   12       29.6857625000
   114  0    54  0    20  1    8   123.12  0.03744  0.09988  0.24285
    92  1    87  1    50  1   12   400.20  0.29172  0.06038  0.20544
   114  0    43  1    26  1   10   127.45  0.03311  0.21799  0.18723
    93  0    69  1    42  1    4   269.51  0.18558  0.21779  0.16601
    80  1    79  1    64  1    9   404.48  0.11375  0.15456  0.27016
    99  0    80  0    29  1   16   229.68  0.33311  0.28555  0.02559
    60  1    54  1    47  1    8   152.28  0.19368  0.13396  0.15041
    54  1    53  1    32  1    7    91.58  0.02093  0.22499  0.18247
   113  1    75  1    68  1   14   576.30  0.21272  0.12956  0.19628
    67  1    66  1    49  1   10   216.68  0.01992  0.19850  0.06472
    65  0    30  1    21  1    8    40.95  0.31252  0.31395  0.07617
   110  0    63  0    29  1    9   200.97  0.13352  0.29876  0.07539
    587    233    220
   12       30.0283193000
    55  0    50  1    26  1    7    71.50  0.17534  0.13109  0.06826
    48  1    42  1    37  1   14    74.59  0.00897  0.09418  0.15590
    47  1    34  1    26  1    9    41.55  0.18298  0.06639  0.07619
   104  0    74  1    50  1   15   384.80  0.17237  0.20585  0.03071
    83  0    70  1    40  1   16   232.40  0.16734  0.21311  0.03118
    53  1    52  1    38  1   15   104.73  0.06192  0.02729  0.04565
   108  0    69  1    49  1   19   365.15  0.14314  0.03277  0.14976
    78  1    73  1    72  1   13   409.97  0.05497  0.09102  0.17166
    77  0    62  0    24  1   12   114.58  0.00650  0.21335  0.12475
    74  0    34  1    21  1   15    52.84  0.17170  0.05540  0.19609
    49  1    38  1    37  1   15    68.89  0.22211  0.08179  0.10586
    79  1    50  1    40  1   10   158.00  0.21394  0.08621  0.08480
    587    233    220
   12       29.7705084000
    87  0    45  1    32  1   14   125.28  0.00312  0.12396  0.20751
    84  1    63  1    46  1   10   243.43  0.15779  0.18799  0.12687
    84  1    67  1    44  1   10   247.63  0.13673  0.28047  0.15718
    76  0    55  1    30  1    7   125.40  0.28229  0.24847  0.00858
    87  1    78  1    61  1   12   413.95  0.14071  0.13467  0.27350
   115  0    77  1    53  1    3   469.32  0.26901  0.04958  0.06450
    78  1    72  1    51  1    9   286.42  0.23747  0.06070  0.03243
    93  1    91  1    62  1   11   524.71  0.14442  0.09710  0.04340
    48  1    41  1    40  1    8    78.72  0.14678  0.02102  0.14008
    92  1    82  1    53  1    7   399.83  0.20851  0.05857  0.03011
   102  1    69  1    54  1    7   380.05  0.29926  0.25710  0.13770
    80  0    52  1    34  1   10   141.44  0.05828  0.02467  0.06615
    587    233    220
   12       29.9587875000
   119  0    41  1    38  1   13   185.40  0.13397  0.15972  0.14350
    90  0    44  1    35  1   11   138.60  0.21144  0.21036  0.16636
    67  0    55  0    27  1    8    99.50  0.24518  0.24197  0.10128
    71  1    47  1    36  1   11   120.13  0.21516  0.16401  0.12067
    90  1    55  1    51  1    8   252.45  0.10226  0.19402  0.17951
    87  0    68  1    40  1   14   236.64  0.11236  0.25137  0.16325
    87  0    53  1    36  1   12   166.00  0.21215  0.05099  0.22318
   113  0    47  1    34  1   11   180.57  0.22566  0.24406  0.09095
    97  0    56  1    35  1   12   190.12  0.12258  0.05762  0.19149
    90  0    60  0    25  1   16   135.00  0.05520  0.26494  0.19759
    88  1    75  1    70  1   11   462.00  0.16597  0.16011  0.15822
   111  0    64  1    51  1   14   362.30  0.25306  0.16324  0.11564
    587    233    220
   12       29.6895682000
    60  1    44  1    36  1    6    95.04  0.17957  0.19775  0.13960
    76  1    42  1    40  1    9   127.68  0.17769  0.19749  0.18831
    65  1    49  1    48  1    8   152.88  0.01944  0.12686  0.25861
   109  0    92  1    51  1    8   511.43  0.17466  0.24693  0.04402
    93  0    42  1    31  1   10   121.09  0.21246  0.21541  0.03783
    83  1    64  1    59  1    9   313.41  0.22445  0.25813  0.09222
    96  1    90  1    55  1    6   475.20  0.23007  0.04249  0.06054
    52  1    42  1    31  1    9    67.70  0.22833  0.22907  0.01835
    98  1    72  1    61  1   10   430.42  0.01800  0.22228  0.04322
   118  0    98  1    57  1   12   659.15  0.19169  0.12974  0.25986
    48  1    31  1    25  1    5    37.20  0.16642  0.15299  0.27022
    75  1    67  1    50  1   11   251.25  0.09440  0.15674  0.12280
    587    233    220
   12       29.9982845000
    91  0    50  1    32  1   14   145.60  0.02701  0.22048  0.14734
   118  0    66  1    40  1   19   311.52  0.02312  0.08859  0.17787
    75  0    69  0    32  1    9   165.60  0.06383  0.05779  0.15124
    81  0    73  0    32  1   15   189.22  0.03196  0.02019  0.05433
    97  0    69  0    33  1   13   220.87  0.13746  0.02307  0.11087
    97  0    31  1    27  1   13    81.19  0.06301  0.17162  0.21897
    57  1    54  1    29  1   15    89.26  0.17127  0.04807  0.11621
    77  1    71  1    62  1    8   338.95  0.19491  0.20532  0.12014
   116  0    84  0    27  1   15   263.09  0.23059  0.09486  0.15347
    85  0    30  1    29  1   13    73.95  0.07222  0.12043  0.01237
   112  0    51  1    41  1   13   234.19  0.07191  0.04535  0.11884
    87  0    81  0    23  1   11   162.08  0.09627  0.06152  0.16738
    587    233    220
   12       29.9268364000
    56  0    32  1    28  1    7    50.18  0.19415  0.04935  0.06503
    92  0    68  1    39  1    8   243.98  0.15321  0.07080  0.22766
    90  0    86  0    29  1    7   224.46  0.14118  0.25411  0.08940
    73  1    54  1    52  1   10   204.98  0.19087  0.19435  0.04472
   114  0   100  0    45  1   13   513.00  0.03337  0.10554  0.14224
    94  0    51  1    36  1   15   172.58  0.10446  0.09278  0.09312
   108  0    59  1    38  1    9   242.14  0.24672  0.10844  0.21948
    89  1    82  1    61  1   10   445.18  0.26345  0.19779  0.07692
    81  1    71  1    43  1    7   247.29  0.01693  0.15566  0.04187
    61  1    53  1    37  1    9   119.62  0.12035  0.25842  0.22892
    85  1    70  1    58  1    8   345.10  0.07093  0.15636  0.11038
   111  0    98  0    39  1    6   424.24  0.03321  0.12748  0.10020
    587    233    220
   12       30.0533980000
    99  1    64  1    62  1   18   392.83  0.21359  0.18869  0.23545
   110  0    43  1    37  1   15   175.01  0.26909  0.17487  0.15926
    96  1    73  1    50  1    8   350.40  0.14431  0.16809  0.00996
   114  0    53  1    35  1    9   211.47  0.26619  0.13199  0.00466
   105  0    27  1    22  1    9    62.37  0.12741  0.01858  0.05043
    75  1    66  1    51  1   11   252.45  0.23715  0.02629  0.18688
    72  1    61  1    48  1   12   210.82  0.03658  0.02579  0.11096
   102  0    46  1    32  1   14   150.14  0.27658  0.18891  0.06409
    59  1    57  1    45  1   13   151.34  0.01377  0.02853  0.16853
   111  0    45  1    33  1    9   164.84  0.28821  0.14527  0.13611
    90  1    74  1    58  1    7   386.28  0.17375  0.10896  0.28499
    55  1    51  1    34  1   16    95.37  0.16295  0.08650  0.01621
    587    233    220
   12       30.0622701000
    96  1    95  1    68  1   11   620.16  0.12664  0.18632  0.12923
    69  1    61  1    35  1    5   147.32  0.09537  0.15355  0.20975
   107  1    70  1    55  1   11   411.95  0.00799  0.04695  0.03469
    92  0    85  0    34  1    9   265.88  0.14020  0.17372  0.24597
    96  0    60  1    31  1    9   178.56  0.12210  0.23542  0.06361
    66  1    38  1    38  1   12    95.30  0.13517  0.12957  0.29142
    63  1    57  1    36  1   15   129.28  0.14174  0.04768  0.09503
    51  1    31  1    31  1   14    49.01  0.12650  0.04105  0.12370
   100  0    75  1    44  1   10   330.00  0.22711  0.09994  0.16382
    78  1    66  1    53  1   14   272.84  0.06585  0.18268  0.22006
    33  1    32  1    29  1   15    30.62  0.30317  0.10167  0.09052
    81  1    72  1    45  1   10   262.44  0.13222  0.19776  0.12516
    587    233    220
   12       29.8483610000
    90  0    73  1    37  1    8   243.09  0.21764  0.11551  0.10138
   102  0    95  0    33  1   15   319.77  0.14810  0.20907  0.27101
   117  0    38  1    30  1   13   133.38  0.09376  0.20510  0.15555
    75  1    73  1    57  1    8   312.08  0.04402  0.18785  0.15664
    86  0    36  1    34  1    9   105.26  0.17717  0.05676  0.10018
   101  1    81  1    62  1   10   507.22  0.19913  0.12829  0.29315
    90  1    66  1    65  1   14   386.10  0.14956  0.30187  0.08327
    76  1    69  1    51  1    7   267.44  0.27295  0.10992  0.28662
    65  0    30  1    30  1   13    58.50  0.10995  0.24242  0.13760
    61  1    46  1    37  1   12   103.82  0.07106  0.12795  0.29987
    96  0    52  1    45  1    9   224.64  0.05068  0.04288  0.08844
   112  0    57  0    27  1    9   172.37  0.16236  0.19607  0.14514
    587    233    220
   12       30.0150662000
    86  1    79  1    69  1    7   468.79  0.16912  0.02164  0.28790
    53  1    46  1    31  1    7    75.58  0.00562  0.16848  0.26510
    96  0    51  1    37  1   11   181.15  0.11213  0.16581  0.01535
   119  0    55  1    54  1    9   353.43  0.21575  0.30310  0.16639
    77  0    74  0    37  1    8   210.83  0.03611  0.08064  0.04398
    96  0    73  0    24  1    9   168.19  0.12161  0.23312  0.19274
    75  1    67  1    54  1    5   271.35  0.13347  0.27305  0.25267
    88  1    71  1    61  1   11   381.13  0.27980  0.05813  0.19357
   120  0    93  0    46  1    6   513.36  0.15107  0.28751  0.20271
   104  1    70  1    69  1    9   502.32  0.22035  0.05370  0.20471
    72  1    69  1    61  1   12   303.05  0.10600  0.03011  0.01813
    68  1    51  1    43  1    7   149.12  0.22096  0.19725  0.22155
    587    233    220
   12       29.6257853000
   101  0    81  0    24  1    9   196.34  0.16177  0.11348  0.19228
    94  0    72  0    29  1   12   196.27  0.11429  0.25987  0.15586
    79  1    72  1    47  1   11   267.34  0.00718  0.11331  0.30058
    90  0    36  1    35  1   14   113.40  0.08695  0.18296  0.18829
    68  1    51  1    40  1   11   138.72  0.01014  0.00312  0.26680
    48  1    45  1    35  1    7    75.60  0.32059  0.09675  0.26140
   108  1    84  1    69  1    9   625.97  0.23960  0.24335  0.08908
    91  0    45  1    31  1    6   126.94  0.01772  0.30996  0.25836
    84  1    80  1    62  1    9   416.64  0.08266  0.30524  0.22002
    77  1    71  1    41  1   11   224.15  0.01750  0.00938  0.12909
    91  0    78  1    42  1    4   298.12  0.14784  0.02065  0.07637
    82  1    80  1    60  1   13   393.60  0.22420  0.32258  0.09116
    587    233    220
   12       29.9574196000
    77  0    42  1    30  1   12    97.02  0.18341  0.32591  0.32106
    98  0    45  1    28  1    7   123.48  0.20638  0.32318  0.19295
    61  1    58  1    32  1    5   113.22  0.09415  0.24713  0.05162
    92  1    77  1    61  1   13   432.12  0.05001  0.17395  0.07967
    58  0    44  1    27  1   11    68.90  0.01781  0.07046  0.17375
   108  0    72  1    50  1    6   388.80  0.12080  0.28718  0.33589
    93  1    72  1    71  1   11   475.42  0.21670  0.16974  0.18830
   111  0    49  1    30  1   13   163.17  0.26130  0.29490  0.28469
    79  1    66  1    49  1   10   255.49  0.09222  0.05984  0.30638
    85  0    74  1    39  1    9   245.31  0.26748  0.08401  0.06441
   106  0    34  1    33  1    9   118.93  0.12521  0.18973  0.11894
   113  1    91  1    76  1    7   781.51  0.23266  0.32483  0.13667
    587    233    220
   12       30.0331950000
    73  0    73  0    36  1   16   191.84  0.00959  0.00656  0.00472
    87  0    49  1    26  1   12   110.84  0.22888  0.07613  0.23558
    68  1    53  1    44  1   10   158.58  0.05665  0.07138  0.06037
    73  0    57  1    33  1   24   137.31  0.09544  0.02283  0.05371
    65  1    49  1    47  1   13   149.70  0.18566  0.22238  0.03260
    80  0    65  1    35  1   15   182.00  0.12117  0.16869  0.11054
    72  0    35  1    26  1   18    65.52  0.22140  0.15855  0.13272
    75  1    68  1    40  1   14   204.00  0.21463  0.08731  0.07689
   104  0    53  1    34  1   17   187.41  0.09883  0.08006  0.08651
    97  0    93  0    45  1   16   405.95  0.01490  0.08335  0.17947
    79  1    54  1    49  1   10   209.03  0.21471  0.15013  0.12032
    52  1    32  1    27  1    6    44.93  0.06585  0.21241  0.07904
    587    233    220
   12       29.8614799000
   105  0    68  1    42  1   12   299.88  0.04366  0.13154  0.08691
    75  0    37  1    24  1   19    66.60  0.16723  0.14858  0.01588
    79  0    73  0    26  1   14   149.94  0.09863  0.25569  0.20437
    95  0    53  1    38  1   15   191.33  0.12297  0.09483  0.09620
    50  1    41  1    40  1   10    82.00  0.25915  0.16980  0.06339
    80  1    59  1    52  1    8   245.44  0.07203  0.04727  0.25237
    90  0    74  0    35  1   15   233.10  0.04395  0.22972  0.24924
    87  1    60  1    60  1   16   313.20  0.22121  0.19331  0.00261
    68  1    50  1    39  1   14   132.60  0.01149  0.25729  0.07214
    78  0    64  0    25  1   12   124.80  0.14702  0.08558  0.02884
    73  1    65  1    52  1   12   246.74  0.08453  0.25782  0.00137
    83  0    48  1    38  1   16   151.39  0.08865  0.19832  0.25639
    587    233    220
   12       30.0262063000
    64  1    48  1    46  1   14   141.31  0.10434  0.02185  0.07192
    79  0    25  1    22  1   23    43.45  0.06369  0.14847  0.13532
    89  0    85  0    33  1   19   249.65  0.07787  0.03527  0.20562
    79  0    66  1    34  1   17   177.28  0.09603  0.14358  0.00282
    79  0    54  1    31  1   16   132.25  0.19110  0.14914  0.04782
   115  0    95  0    22  1   11   240.35  0.04493  0.06352  0.08402
    76  1    54  1    44  1   20   180.58  0.07304  0.02382  0.02196
    80  0    44  1    29  1   10   102.08  0.12135  0.02123  0.19519
    66  0    33  1    26  1   15    56.63  0.09224  0.16829  0.12721
    50  1    32  1    32  1   15    51.20  0.09869  0.15097  0.02175
   116  0    93  0    21  1   19   226.55  0.21268  0.15590  0.03437
   113  0    64  1    50  1   11   361.60  0.21069  0.00148  0.21756
    587    233    220
   12       29.9535810000
    78  1    59  1    54  1   11   248.51  0.18918  0.20477  0.04815
   120  0    52  0    20  1   11   124.80  0.18192  0.16081  0.02188
   100  1    67  1    54  1   12   361.80  0.15450  0.18594  0.02326
    91  0    59  1    37  1    9   198.65  0.01361  0.16261  0.25092
   112  0    57  1    56  1   17   357.50  0.09177  0.04763  0.13286
    88  0    46  1    34  1   16   137.63  0.13036  0.11470  0.03219
   108  0    78  1    53  1   12   446.47  0.18129  0.11883  0.01000
   100  0    48  1    29  1   17   139.20  0.13304  0.03875  0.02461
    89  0    88  0    21  1    5   164.47  0.29952  0.28314  0.18954
    90  0    40  1    21  1    9    75.60  0.25286  0.08046  0.10742
    89  0    37  1    36  1   12   118.55  0.01503  0.05229  0.10087
    62  0    53  0    20  1   12    65.72  0.28912  0.07519  0.06765
    587    233    220
   12       30.0299227000
   110  0    60  1    55  1    6   363.00  0.12987  0.12329  0.34323
    80  1    78  1    71  1    9   443.04  0.33155  0.22177  0.22890
   110  0    75  1    50  1    4   412.50  0.23821  0.08551  0.13059
   100  0    72  1    40  1   11   288.00  0.29815  0.08831  0.34645
   103  0    60  1    32  1    6   197.76  0.21752  0.07872  0.34644
    70  1    60  1    49  1   10   205.80  0.05629  0.34874  0.16120
    80  1    72  1    62  1    7   357.12  0.32492  0.13088  0.18300
   120  1    74  1    67  1   11   594.96  0.27878  0.11885  0.27775
    75  0    52  1    37  1    7   144.30  0.35043  0.15255  0.06107
    57  1    54  1    48  1    6   147.74  0.35334  0.01251  0.29792
    62  1    55  1    53  1   10   180.73  0.31966  0.18404  0.10759
    83  0    73  0    36  1   14   218.12  0.33384  0.16711  0.23903
    587    233    220
   12       29.9516081000
    65  1    51  1    50  1   11   165.75  0.16442  0.06452  0.16249
   113  0    78  0    28  1    9   246.79  0.13978  0.15282  0.27987
   120  0    35  1    32  1   10   134.40  0.02319  0.07209  0.07367
    71  0    53  0    20  1   12    75.26  0.20982  0.01842  0.01873
    94  1    70  1    64  1   10   421.12  0.09164  0.11500  0.23807
    64  0    33  1    32  1   14    67.58  0.18879  0.28087  0.23399
    71  0    35  1    21  1    9    52.19  0.15993  0.00236  0.15746
    85  1    59  1    49  1   11   245.74  0.09868  0.14710  0.26701
   108  0    62  1    53  1   14   354.89  0.15540  0.15688  0.24754
   116  0    56  0    25  1   16   162.40  0.26616  0.25363  0.10799
    75  0    69  1    35  1    6   181.13  0.26095  0.14759  0.12055
   114  0    85  1    53  1   13   513.57  0.23316  0.24978  0.19913
    587    233    220
   12       29.9713313000
    83  1    71  1    46  1   14   271.08  0.00935  0.18189  0.20441
    76  1    63  1    54  1   11   258.55  0.04673  0.05398  0.26365
    91  0    56  1    40  1    9   203.84  0.22931  0.28510  0.20215
    61  1    42  1    34  1   12    87.11  0.22857  0.22855  0.20607
    84  1    67  1    47  1   12   264.52  0.18670  0.15159  0.11174
    95  1    79  1    57  1   12   427.79  0.22077  0.16605  0.07913
    90  0    80  0    23  1   11   165.60  0.00511  0.08537  0.06319
    69  0    43  1    28  1   12    83.08  0.16567  0.00254  0.05596
    72  1    69  1    48  1    5   238.46  0.27511  0.20792  0.16695
    83  1    64  1    58  1    9   308.10  0.02717  0.19716  0.27231
    99  0    94  0    24  1   13   223.34  0.16157  0.20246  0.03900
    96  1    69  1    53  1    7   351.07  0.22487  0.00418  0.06270
    587    233    220
   12       29.8609018000
   114  0    77  1    42  1    8   368.68  0.29464  0.23771  0.01898
   105  1    81  1    74  1   14   629.37  0.21852  0.08741  0.28094
    76  1    73  1    50  1   14   277.40  0.25373  0.30560  0.16583
   104  0    91  0    41  1   13   388.02  0.03587  0.23394  0.05463
    75  0    70  0    23  1   14   120.75  0.22654  0.28806  0.19345
    93  0    67  0    20  1   11   124.62  0.18656  0.05680  0.25541
    89  0    54  0    25  1   15   120.15  0.17045  0.18912  0.14463
    89  0    46  1    28  1    9   114.63  0.22672  0.00167  0.04765
    36  1    35  1    24  1    8    30.24  0.15484  0.24112  0.10156
    72  0    50  1    29  1   10   104.40  0.22729  0.30388  0.26983
    72  1    41  1    38  1   12   112.18  0.22358  0.04400  0.17935
    84  0    32  1    24  1   10    64.51  0.07512  0.04156  0.13346
    587    233    220
   12       30.0107777000
    55  0    37  1    22  1   17    44.77  0.32585  0.29276  0.09209
    72  0    55  1    31  1    7   122.76  0.12583  0.16251  0.15922
    61  1    56  1    36  1   10   122.98  0.10452  0.09600  0.01718
    76  0    72  0    22  1   10   120.38  0.30725  0.30193  0.07466
    74  1    66  1    61  1   11   297.92  0.05076  0.28154  0.19429
    43  1    39  1    32  1   10    53.66  0.32682  0.25782  0.06775
   108  0    98  0    27  1   11   285.77  0.10995  0.30168  0.24737
   109  1    73  1    65  1   11   517.21  0.00272  0.29761  0.11054
    97  0    92  0    40  1    6   356.96  0.07979  0.28570  0.16556
   109  1    80  1    62  1   14   540.64  0.19778  0.08708  0.30642
    57  1    57  1    45  1    4   146.21  0.04470  0.20920  0.07040
   114  0    43  1    41  1   15   200.98  0.09945  0.07515  0.09418
    587    233    220
   12       29.7062426000
    87  0    33  1    28  1    9    80.39  0.20917  0.27034  0.19838
    97  1    70  1    57  1   17   387.03  0.07270  0.21723  0.04468
    71  1    57  1    38  1   10   153.79  0.17061  0.01382  0.02741
    63  1    53  1    47  1   12   156.93  0.01912  0.15963  0.14573
    77  0    56  1    37  1    9   159.54  0.12265  0.31632  0.04188
   102  0    67  1    47  1    9   321.20  0.09980  0.09789  0.17086
    72  0    31  1    29  1   10    64.73  0.28349  0.28612  0.32258
    84  0    58  1    38  1    7   185.14  0.29521  0.02536  0.16436
    84  1    57  1    56  1   14   268.13  0.25141  0.27237  0.13031
    88  0    76  0    33  1   11   220.70  0.20188  0.11520  0.02070
   109  1    76  1    73  1    8   604.73  0.23946  0.22207  0.31766
    57  1    55  1    54  1   10   169.29  0.29053  0.14856  0.13890
    587    233    220
   12       29.9507766000
   119  0    34  1    28  1    9   113.29  0.29306  0.10902  0.12676
    84  1    69  1    48  1   13   278.21  0.27088  0.19554  0.10060
    97  1    82  1    78  1   11   620.41  0.15064  0.30805  0.17837
   109  0    43  1    33  1   14   154.67  0.17537  0.10342  0.20490
    80  1    75  1    47  1    8   282.00  0.22594  0.09419  0.25246
    74  0    62  0    30  1   10   137.64  0.31026  0.01993  0.27694
    40  1    35  1    31  1    9    43.40  0.26187  0.24104  0.26338
    58  0    43  1    26  1    8    64.84  0.03834  0.05904  0.01765
   111  1    73  1    71  1   10   575.31  0.22079  0.19811  0.02454
    95  0    66  1    43  1    6   269.61  0.22043  0.20344  0.26983
    96  0    82  0    28  1    9   220.42  0.27900  0.13243  0.27553
    84  1    73  1    66  1    6   404.71  0.07210  0.26548  0.08158
    587    233    220
   12       30.0813287000
   100  0    60  1    40  1    9   240.00  0.04823  0.20924  0.18416
    89  0    67  1    34  1   15   202.74  0.09173  0.16390  0.04996
    92  0    80  0    38  1   15   279.68  0.06504  0.00546  0.10276
    90  0    81  0    24  1   13   174.96  0.14074  0.20529  0.09601
    84  0    52  1    38  1   14   165.98  0.15497  0.21713  0.17828
    77  1    54  1    46  1   19   191.27  0.23040  0.08472  0.04150
    90  0    49  1    33  1   11   145.53  0.16141  0.11699  0.00161
    78  0    45  1    27  1   13    94.77  0.03687  0.20296  0.14361
    76  0    57  0    28  1   17   121.30  0.20511  0.08278  0.16359
   102  0    38  1    27  1   13   104.65  0.04097  0.16952  0.01293
    55  1    45  1    39  1   13    96.53  0.22896  0.05988  0.18788
   115  0    78  0    29  1   19   260.13  0.09315  0.12723  0.00730
    587    233    220
   12       29.9640566000
    95  0    92  0    46  1    5   402.04  0.26170  0.20464  0.02773
    65  1    60  1    40  1   10   156.00  0.07795  0.06108  0.05015
   103  1    62  1    59  1    8   376.77  0.12901  0.18892  0.05022
    71  1    65  1    52  1    8   239.98  0.12062  0.22978  0.12475
   119  0    87  0    28  1    4   289.88  0.22985  0.31487  0.18921
   109  1    92  1    78  1   11   782.18  0.24812  0.00223  0.27518
    58  1    54  1    35  1   11   109.62  0.22927  0.28819  0.09985
    98  1    73  1    64  1    8   457.86  0.00991  0.06107  0.01062
    44  1    44  1    40  1    8    77.44  0.25943  0.08291  0.09885
    70  0    69  1    35  1    4   169.05  0.25470  0.28713  0.25421
   119  0    61  1    58  1   10   421.02  0.20842  0.07518  0.08072
    89  1    55  1    45  1    6   220.27  0.18613  0.20306  0.19024
    587    233    220
   12       30.0427317000
    91  0    52  1    33  1    7   156.16  0.32207  0.11559  0.04214
    87  1    81  1    63  1    6   443.96  0.04032  0.13905  0.30989
   113  0    79  1    45  1   15   401.71  0.23555  0.16625  0.06377
   114  0    52  1    45  1    8   266.76  0.18940  0.11132  0.23701
   110  1    90  1    66  1    4   653.40  0.29143  0.12249  0.17094
    81  0    41  1    31  1    8   102.95  0.29098  0.19464  0.04686
   108  0    67  1    37  1    9   267.73  0.13083  0.07566  0.07500
   118  0    82  1    57  1    9   551.53  0.23292  0.18127  0.29791
    96  0    60  0    30  1    7   172.80  0.26425  0.17728  0.01023
    43  1    42  1    36  1   11    65.02  0.07009  0.18229  0.29924
    93  1    78  1    77  1    8   558.56  0.18889  0.11013  0.24275
    85  0    62  0    25  1    7   131.75  0.10895  0.01220  0.06899
    587    233    220
   12       29.9629122000
    86  1    65  1    57  1    7   318.63  0.13519  0.14225  0.22731
    61  1    37  1    32  1   10    72.22  0.23765  0.24341  0.02824
    39  1    33  1    27  1   10    34.75  0.14837  0.18156  0.03892
    85  0    33  1    26  1   11    72.93  0.10690  0.26071  0.09281
   101  0    94  0    42  1    6   398.75  0.11201  0.17930  0.24494
    65  1    53  1    46  1   15   158.47  0.19385  0.22293  0.19792
    76  1    72  1    39  1   10   213.41  0.20242  0.24966  0.21437
    47  1    42  1    25  1   14    49.35  0.23092  0.16439  0.03092
    93  1    76  1    60  1   15   424.08  0.11647  0.08456  0.17402
    95  1    74  1    51  1   14   358.53  0.00233  0.14517  0.24466
    97  0    66  0    32  1   14   204.86  0.22806  0.00811  0.02585
   116  0    78  0    37  1   12   334.78  0.12440  0.06732  0.23582
    587    233    220
   12       29.5398622000
    96  1    82  1    63  1   12   495.94  0.10506  0.17536  0.05258
    74  1    63  1    59  1    6   275.06  0.02247  0.16286  0.25949
    86  0    60  1    43  1   13   221.88  0.04467  0.03712  0.04418
    90  1    67  1    57  1    7   343.71  0.17441  0.14513  0.12083
    97  1    91  1    80  1   10   706.16  0.16205  0.07200  0.19451
   116  0    61  0    28  1   14   198.13  0.01021  0.21370  0.15549
    86  0    41  1    35  1    7   123.41  0.07905  0.22453  0.25526
    67  0    44  1    26  1   11    76.65  0.21821  0.20202  0.17620
   115  0    79  0    31  1    7   281.64  0.09646  0.04063  0.10621
    62  1    59  1    46  1    9   168.27  0.12059  0.01494  0.17154
    49  1    41  1    39  1   14    78.35  0.10668  0.07843  0.02392
    55  1    48  1    33  1    6    87.12  0.14267  0.26710  0.17122
    587    233    220
   12       29.7509491000
    78  0    69  1    37  1    8   199.13  0.29008  0.31807  0.15253
   115  1    90  1    58  1    7   600.30  0.04058  0.16592  0.11304
    68  0    53  0    20  1    8    72.08  0.15138  0.12109  0.06045
   119  0    71  1    47  1    7   397.10  0.05712  0.23099  0.31718
   100  1    82  1    57  1    7   467.40  0.02226  0.11549  0.24906
    88  1    76  1    52  1    4   347.78  0.25934  0.24044  0.01800
    95  0    90  0    43  1    4   367.65  0.13755  0.20785  0.22023
    87  1    72  1    62  1    7   388.37  0.26869  0.04552  0.01334
    80  1    66  1    47  1   10   248.16  0.00699  0.11839  0.12536
   120  1    78  1    67  1    7   627.12  0.15445  0.30268  0.05613
   103  1    65  1    60  1    7   401.70  0.15700  0.28763  0.16939
    86  1    60  1    50  1    8   258.00  0.07405  0.05631  0.00078
    587    233    220
   12       29.8558115000
    75  1    73  1    69  1    8   377.77  0.00108  0.11643  0.04822
    66  1    56  1    40  1   12   147.84  0.01102  0.11632  0.00323
    64  1    51  1    41  1   14   133.82  0.00238  0.06423  0.04660
    90  0    52  1    28  1   15   131.04  0.28473  0.13895  0.26138
    73  0    33  1    28  1   16    67.45  0.13463  0.01568  0.03925
    91  1    76  1    60  1   13   414.96  0.17202  0.28766  0.02034
    54  1    45  1    28  1    9    68.04  0.14514  0.28518  0.33671
   107  1    81  1    56  1   12   485.35  0.17638  0.18653  0.24981
    63  1    53  1    44  1    6   146.92  0.01398  0.02546  0.17295
    88  1    75  1    50  1   11   330.00  0.34595  0.00718  0.19603
    79  0    76  0    20  1    9   120.08  0.08710  0.18052  0.08013
   116  1    71  1    66  1    5   543.58  0.03334  0.00689  0.24445
    587    233    220
   12       30.0091087000
   101  0    69  0    20  1   14   139.38  0.09674  0.13715  0.16145
   108  0    66  1    54  1   14   384.91  0.01868  0.15180  0.07570
    74  0    62  1    33  1   12   151.40  0.11761  0.11225  0.05255
    69  0    61  1    33  1   16   138.90  0.00115  0.07354  0.09345
    71  0    64  0    31  1   24   140.86  0.12154  0.19346  0.12073
    38  1    32  1    30  1   14    36.48  0.17098  0.09417  0.16355
   108  0    47  1    37  1   17   187.81  0.13165  0.11953  0.16622
   100  0    41  1    36  1   13   147.60  0.08303  0.19012  0.07076
    99  0    79  0    39  1   11   305.02  0.10427  0.02354  0.17033
    83  0    55  0    22  1   16   100.43  0.12619  0.11190  0.13666
    99  0    49  1    36  1   15   174.64  0.19094  0.15762  0.07883
    83  0    56  0    22  1   20   102.26  0.15434  0.05757  0.13356
    587    233    220
   12       29.9901932000
    64  0    42  1    26  1   14    69.89  0.08987  0.18993  0.02011
    92  1    58  1    52  1   14   277.47  0.14709  0.20203  0.19300
    92  0    85  0    21  1   11   164.22  0.21865  0.21473  0.26547
    90  0    49  1    33  1   11   145.53  0.26476  0.13762  0.16910
    54  1    48  1    34  1   16    88.13  0.11901  0.00211  0.18307
    95  0    62  1    45  1   10   265.05  0.20667  0.04123  0.12518
    72  1    49  1    46  1   12   162.29  0.15025  0.17108  0.02287
    56  0    42  1    25  1    9    58.80  0.12941  0.08624  0.22681
    64  0    34  1    26  1   18    56.58  0.23621  0.03398  0.12833
   113  0    90  1    54  1   11   549.18  0.17775  0.01202  0.05903
   113  0    52  1    42  1   13   246.79  0.16468  0.27250  0.00689
    94  0    86  0    38  1   16   307.19  0.09240  0.12050  0.18243
    587    233    220
   12       29.7772735000
    74  0    60  1    32  1   13   142.08  0.22088  0.20948  0.03624
   100  0    50  1    43  1   10   215.00  0.00026  0.17643  0.24279
    95  0    74  1    42  1   11   295.26  0.26162  0.18611  0.09281
    95  0    70  0    30  1   14   199.50  0.13640  0.19584  0.24272
    45  1    37  1    24  1   13    39.96  0.08271  0.14310  0.10152
    67  0    60  0    25  1   13   100.50  0.05612  0.19946  0.07870
    55  1    51  1    35  1   13    98.18  0.11929  0.07491  0.02963
    76  1    71  1    61  1    7   329.16  0.07631  0.08352  0.24388
   119  0    88  1    51  1   12   534.07  0.24525  0.01370  0.23625
    98  0    81  0    26  1    9   206.39  0.11326  0.10474  0.22000
    86  1    69  1    61  1   11   361.97  0.03848  0.11857  0.20863
   117  0    54  1    30  1   11   189.54  0.17963  0.23547  0.23681
    587    233    220
   12       29.9571871000
   106  0    55  1    38  1   12   221.54  0.00839  0.14611  0.15413
    69  1    50  1    48  1   19   165.60  0.08465  0.01718  0.00424
   106  1    63  1    57  1   11   380.65  0.07747  0.17010  0.30974
    71  1    66  1    51  1   11   238.99  0.13693  0.09741  0.07495
    62  1    41  1    36  1   15    91.51  0.09666  0.23745  0.20234
    75  1    49  1    39  1    5   143.32  0.02761  0.15197  0.02127
    90  1    64  1    53  1   10   305.28  0.10933  0.03331  0.24425
    96  1    79  1    55  1    9   417.12  0.12214  0.18383  0.27963
    83  1    75  1    67  1   12   417.08  0.04821  0.01438  0.28642
    58  1    48  1    30  1   12    83.52  0.04715  0.02089  0.10359
    81  0    59  0    24  1    7   114.70  0.26328  0.28580  0.09375
    71  1    56  1    41  1   10   163.02  0.01718  0.27357  0.28322
    587    233    220
   12       29.6291530000
    51  1    46  1    44  1   20   103.22  0.18650  0.25679  0.08386
    95  0    92  1    47  1   16   410.78  0.07206  0.10814  0.02126
   116  0    39  1    23  1   12   104.05  0.08645  0.29094  0.19208
    51  1    37  1    32  1    8    60.38  0.23682  0.07922  0.30180
   117  0    44  1    38  1    8   195.62  0.16400  0.07857  0.19853
   103  1    89  1    73  1    9   669.19  0.18285  0.09364  0.30806
    73  1    55  1    54  1   13   216.81  0.24122  0.14526  0.21763
   116  0    98  0    40  1   10   454.72  0.14675  0.05901  0.24762
    62  0    48  0    22  1    9    65.47  0.14988  0.11519  0.06256
   106  0    38  1    30  1    8   120.84  0.18528  0.23514  0.11386
   100  0    40  1    32  1   14   128.00  0.05961  0.08488  0.17763
    87  0    53  0    26  1    8   119.89  0.10263  0.01365  0.16799
    587    233    220
   12       29.9748927000
    78  1    49  1    47  1    8   179.63  0.23406  0.12826  0.15836
    46  1    45  1    43  1   13    89.01  0.14679  0.14785  0.19527
    98  0    44  1    36  1   10   155.23  0.18970  0.14661  0.30357
   100  0    89  0    31  1   11   275.90  0.09628  0.06765  0.06698
   108  0    76  1    47  1    7   385.78  0.13777  0.13664  0.26150
    75  0    36  1    28  1   12    75.60  0.03777  0.08497  0.28808
   108  1    82  1    56  1   16   495.94  0.25700  0.18017  0.26910
    45  1    41  1    24  1   14    44.28  0.02285  0.07463  0.18063
   103  0    48  1    38  1   11   187.87  0.02249  0.19352  0.10990
    74  1    62  1    46  1   10   211.05  0.28301  0.22485  0.27159
    96  0    56  1    44  1   10   236.54  0.02949  0.16049  0.09376
   117  0    64  1    42  1   13   314.50  0.25065  0.05545  0.15399
